Commander Sample ID
20.0     11
20.01969 10
20.03939 12
20.05908 18
20.07878 20
20.09847 15
20.11817 8
20.13786 15
20.15756 9
20.17725 6
20.19695 16
20.21665 17
20.23634 20
20.25604 13
20.27573 12
20.29543 16
20.31512 17
20.33482 18
20.35451 8
20.37421 15
20.39390 9
20.41360 15
20.4333  7
20.45299 11
20.47269 13
20.49238 19
20.51208 14
20.53177 13
20.55147 14
20.57116 11
20.59086 16
20.61055 17
20.63025 17
20.64994 14
20.66964 8
20.68934 13
20.70903 17
20.72873 14
20.74842 18
20.76812 13
20.78781 15
20.80751 22
20.82720 13
20.84690 16
20.86659 11
20.88629 14
20.90598 14
20.92568 19
20.94538 11
20.96507 16
20.98477 16
21.00446 9
21.02416 20
21.04385 13
21.06355 12
21.08324 21
21.10294 8
21.12263 20
21.14233 8
21.16202 10
21.18172 11
21.20142 12
21.22111 17
21.24081 8
21.26050 20
21.28020 17
21.29989 14
21.31959 11
21.33928 17
21.35898 21
21.37867 22
21.39837 13
21.41807 12
21.43776 10
21.45746 11
21.47715 17
21.49685 16
21.51654 14
21.53624 11
21.55593 16
21.57563 17
21.59532 12
21.61502 9
21.63472 10
21.65441 8
21.67411 19
21.69380 17
21.71350 18
21.73319 12
21.75289 7
21.77258 16
21.79228 15
21.81197 19
21.83167 18
21.85137 19
21.87106 15
21.89076 5
21.91045 16
21.93015 12
21.94984 11
21.96954 22
21.98923 17
22.00893 15
22.02862 17
22.04832 10
22.06802 16
22.08771 17
22.10741 12
22.12710 15
22.14680 18
22.16649 10
22.18619 19
22.20588 19
22.22558 4
22.24527 15
22.26497 13
22.28467 16
22.30436 15
22.32406 18
22.34375 12
22.36345 8
22.38314 13
22.40284 12
22.42253 13
22.44223 12
22.46192 7
22.48162 12
22.50131 18
22.52101 6
22.54071 13
22.56040 13
22.58010 17
22.59979 11
22.61949 19
22.63918 9
22.65888 15
22.67857 17
22.69827 15
22.71796 14
22.73766 17
22.75735 11
22.77705 16
22.79675 13
22.81644 17
22.83614 21
22.85583 16
22.87553 6
22.89522 8
22.91492 17
22.93461 11
22.95431 8
22.97400 15
22.99370 13
23.01339 7
23.03309 13
23.05279 7
23.07248 16
23.09218 11
23.11187 15
23.13157 10
23.15126 17
23.17096 11
23.19065 20
23.21035 7
23.23004 10
23.24974 9
23.26944 18
23.28913 14
23.30883 13
23.32852 13
23.34822 16
23.36791 13
23.38761 5
23.40730 9
23.42700 8
23.44669 15
23.46639 13
23.48609 19
23.50578 19
23.52548 11
23.54517 15
23.56487 12
23.58456 13
23.60426 16
23.62395 7
23.64365 12
23.66334 16
23.68304 12
23.70274 9
23.72243 12
23.74213 9
23.76182 12
23.78152 11
23.80121 12
23.82091 9
23.84060 10
23.86030 8
23.87999 12
23.89969 13
23.91939 12
23.93908 13
23.95878 12
23.97847 19
23.99817 9
24.01786 14
24.03756 8
24.05725 14
24.07695 10
24.09664 15
24.11634 10
24.13604 14
24.15573 16
24.17543 8
24.19512 13
24.21482 13
24.23451 12
24.25421 11
24.27390 7
24.29360 10
24.31329 24
24.33299 12
24.35268 9
24.37238 13
24.39208 7
24.41177 11
24.43147 12
24.45116 7
24.47086 10
24.49055 12
24.51025 18
24.52994 18
24.54964 12
24.56933 7
24.58903 12
24.60872 9
24.62842 13
24.64812 20
24.66781 20
24.68751 18
24.70720 8
24.72690 12
24.74659 9
24.76629 13
24.78598 12
24.80568 9
24.82537 6
24.84507 12
24.86476 13
24.88446 13
24.90416 17
24.92385 15
24.94355 15
24.96324 12
24.98294 13
25.00263 20
25.02233 10
25.04202 17
25.06172 14
25.08141 16
25.10111 16
25.12081 7
25.14050 14
25.1602  15
25.17989 9
25.19959 13
25.21928 15
25.23898 12
25.25867 12
25.27837 13
25.29806 13
25.31776 8
25.33746 9
25.35715 16
25.37685 15
25.39654 15
25.41624 14
25.43593 20
25.45563 15
25.47532 17
25.49502 20
25.51471 7
25.53441 12
25.55411 9
25.57380 10
25.5935  8
25.61319 8
25.63289 17
25.65258 18
25.67228 11
25.69197 14
25.71167 18
25.73136 11
25.75106 15
25.77076 13
25.79045 14
25.81015 17
25.82984 15
25.84954 15
25.86923 14
25.88893 16
25.90862 11
25.92832 15
25.94801 8
25.96771 19
25.98741 10
26.00710 15
26.0268  11
26.04649 13
26.06619 11
26.08588 11
26.10558 9
26.12527 11
26.14497 15
26.16466 11
26.18436 10
26.20405 13
26.22375 8
26.24345 14
26.26314 19
26.28284 9
26.30253 15
26.32223 17
26.34192 9
26.36162 13
26.38131 13
26.40101 16
26.42070 9
26.44040 11
26.46009 12
26.47979 17
26.49948 14
26.51918 11
26.53888 16
26.55857 16
26.57827 14
26.59796 19
26.61766 13
26.63735 5
26.65705 17
26.67674 10
26.69644 16
26.71613 8
26.73583 12
26.75552 11
26.77522 19
26.79492 13
26.81461 13
26.83431 21
26.85400 15
26.87370 15
26.89339 17
26.91309 14
26.93278 12
26.95248 13
26.97217 12
26.99187 11
27.01157 11
27.03126 14
27.05096 11
27.07065 12
27.09035 10
27.11004 17
27.12974 15
27.14943 17
27.16913 11
27.18882 15
27.20852 20
27.22822 20
27.24791 8
27.26761 15
27.28730 16
27.30700 11
27.32669 17
27.34639 18
27.36608 20
27.38578 11
27.40547 12
27.42517 19
27.44487 12
27.46456 15
27.48426 16
27.50395 11
27.52365 19
27.54334 13
27.56304 18
27.58273 10
27.60243 10
27.62212 9
27.64182 17
27.66152 20
27.68121 12
27.70091 12
27.72060 9
27.74030 11
27.75999 10
27.77969 15
27.79938 20
27.81908 13
27.83877 9
27.85847 19
27.87817 11
27.89786 17
27.91756 12
27.93725 15
27.95695 13
27.97664 15
27.99634 13
28.01603 18
28.03573 16
28.05542 13
28.07512 13
28.09482 12
28.11451 20
28.13421 20
28.15390 15
28.17360 8
28.19329 12
28.21299 17
28.23268 18
28.25238 12
28.27207 22
28.29177 18
28.31146 11
28.33116 13
28.35085 12
28.37055 16
28.39025 11
28.40994 11
28.42964 15
28.44933 8
28.46903 15
28.48872 13
28.50842 8
28.52811 9
28.54781 16
28.56750 6
28.58720 17
28.60689 14
28.62659 10
28.64629 13
28.66598 17
28.68568 17
28.70537 13
28.72507 17
28.74476 10
28.76446 14
28.78415 15
28.80385 6
28.82354 14
28.84324 12
28.86294 17
28.88263 14
28.90233 10
28.92202 12
28.94172 15
28.96141 17
28.98111 10
29.00080 16
29.02050 17
29.04019 7
29.05989 20
29.07959 14
29.09928 11
29.11898 15
29.13867 25
29.15837 9
29.17806 21
29.19776 11
29.21745 24
29.23715 9
29.25684 12
29.27654 6
29.29624 13
29.31593 16
29.33563 16
29.35532 17
29.37502 20
29.39471 13
29.41441 12
29.43410 17
29.45380 17
29.47349 17
29.49319 12
29.51289 14
29.53258 15
29.55228 8
29.57197 8
29.59167 11
29.61136 20
29.63106 19
29.65075 15
29.67045 16
29.69014 13
29.70984 16
29.72954 14
29.74923 11
29.76893 19
29.78862 15
29.80832 15
29.82801 13
29.84771 16
29.86740 17
29.88710 15
29.90679 11
29.92649 12
29.94618 13
29.96588 16
29.98558 13
30.00527 10
30.02497 12
30.04466 16
30.06436 14
30.08405 24
30.10375 21
30.12344 17
30.14314 14
30.16283 13
30.18253 12
30.20222 14
30.22192 12
30.24162 14
30.26131 17
30.28101 8
30.30070 15
30.32040 16
30.34009 13
30.35979 11
30.37948 13
30.39918 17
30.41887 14
30.43857 18
30.45826 17
30.47796 10
30.49766 10
30.51735 17
30.53705 15
30.55674 13
30.57644 8
30.59613 11
30.61583 6
30.63552 5
30.65522 15
30.67491 8
30.69461 20
30.71431 17
30.73400 14
30.75370 11
30.77339 13
30.79309 17
30.81278 20
30.83248 12
30.85217 13
30.87187 18
30.89156 15
30.91126 11
30.93096 16
30.95065 18
30.97035 14
30.99004 14
31.00974 9
31.02943 11
31.04913 16
31.06882 17
31.08852 11
31.10821 13
31.12791 10
31.14761 10
31.16730 12
31.187   12
31.20669 13
31.22639 10
31.24608 19
31.26578 16
31.28547 8
31.30517 10
31.32486 21
31.34456 16
31.36426 15
31.38395 25
31.40365 16
31.42334 9
31.44304 12
31.46273 16
31.48243 17
31.50212 13
31.52182 7
31.54151 10
31.56121 19
31.58091 13
31.60060 16
31.6203  23
31.63999 20
31.65969 17
31.67938 16
31.69908 11
31.71877 26
31.73847 8
31.75816 11
31.77786 13
31.79755 6
31.81725 7
31.83695 13
31.85664 10
31.87634 13
31.89603 17
31.91573 23
31.93542 22
31.95512 14
31.97481 11
31.99451 10
32.01421 16
32.03390 14
32.0536  10
32.07329 14
32.09299 15
32.11268 19
32.13238 16
32.15207 17
32.17177 14
32.19146 11
32.21116 23
32.23085 32
32.25055 23
32.27024 15
32.28994 11
32.30963 15
32.32933 12
32.34903 17
32.36872 21
32.38842 22
32.40811 13
32.42781 18
32.44750 16
32.46720 22
32.4869  23
32.50659 15
32.52629 10
32.54598 19
32.56568 15
32.58537 8
32.60507 15
32.62476 11
32.64446 15
32.66415 14
32.68385 11
32.70354 10
32.72324 18
32.74293 9
32.76263 6
32.78233 16
32.80202 15
32.82172 13
32.84141 9
32.86111 14
32.88080 15
32.90050 12
32.92019 19
32.93989 13
32.95958 11
32.97928 22
32.99897 21
33.01867 16
33.03837 13
33.05806 11
33.07776 21
33.09745 36
33.11715 36
33.13684 15
33.15654 23
33.17623 26
33.19593 71
33.21563 71
33.23532 38
33.25502 23
33.27471 35
33.29441 28
33.31410 38
33.33380 30
33.35349 24
33.37319 22
33.39288 28
33.41258 20
33.43227 25
33.45197 19
33.47166 19
33.49136 14
33.51105 15
33.53075 13
33.55045 22
33.57014 13
33.58984 24
33.60953 17
33.62923 21
33.64893 14
33.66862 18
33.68832 16
33.70801 18
33.72771 25
33.74740 17
33.76710 17
33.78679 16
33.80649 20
33.82618 20
33.84588 15
33.86557 16
33.88527 23
33.90496 18
33.92466 13
33.94435 13
33.96405 12
33.98374 28
34.00344 15
34.02314 15
34.04283 13
34.06253 15
34.08223 17
34.10192 10
34.12162 13
34.14131 19
34.16101 14
34.18070 14
34.20040 15
34.22009 18
34.23979 16
34.25948 15
34.27918 18
34.29887 23
34.31857 21
34.33826 12
34.35796 10
34.37765 21
34.39735 24
34.41704 20
34.43674 16
34.45644 19
34.47613 15
34.49583 18
34.51552 17
34.53522 24
34.55491 18
34.57461 19
34.59430 8
34.61400 18
34.63370 15
34.65339 14
34.67309 23
34.69278 19
34.71248 19
34.73217 15
34.75187 23
34.77156 12
34.79126 16
34.81095 18
34.83065 19
34.85034 19
34.87004 15
34.88974 11
34.90943 16
34.92913 12
34.94882 18
34.96852 20
34.98821 21
35.00791 21
35.02760 19
35.04730 25
35.06699 14
35.08669 17
35.10638 21
35.12608 16
35.14578 15
35.16547 19
35.18517 27
35.20486 12
35.22456 20
35.24425 13
35.26395 23
35.28364 19
35.30334 12
35.32304 16
35.34273 20
35.36243 19
35.38212 17
35.40182 22
35.42151 21
35.44121 19
35.46090 18
35.48060 16
35.50029 17
35.51999 13
35.53968 17
35.55938 20
35.57907 30
35.59877 18
35.61846 14
35.63816 21
35.65786 21
35.67755 17
35.69725 15
35.71694 17
35.73664 25
35.75634 22
35.77603 23
35.79573 26
35.81542 23
35.83512 34
35.85481 28
35.87451 28
35.89420 24
35.91390 37
35.93359 31
35.95329 22
35.97298 30
35.99268 39
36.01237 23
36.03207 30
36.05176 30
36.07146 42
36.09116 27
36.11085 41
36.13055 43
36.15024 44
36.16994 54
36.18964 39
36.20933 60
36.22903 58
36.24872 45
36.26842 52
36.28811 37
36.30781 46
36.32750 47
36.34720 42
36.36689 34
36.38659 34
36.40628 34
36.42598 37
36.44567 30
36.46537 30
36.48506 40
36.50476 37
36.52446 26
36.54415 21
36.56385 32
36.58354 23
36.60324 29
36.62293 23
36.64263 26
36.66232 18
36.68202 23
36.70171 24
36.72141 27
36.74111 19
36.76080 22
36.78050 30
36.80019 27
36.81989 25
36.83958 19
36.85928 23
36.87897 26
36.89867 29
36.91836 18
36.93806 19
36.95776 18
36.97745 30
36.99715 28
37.01684 25
37.03654 32
37.05623 24
37.07593 22
37.09562 32
37.11532 27
37.13501 26
37.15471 26
37.17440 15
37.19410 32
37.21379 25
37.23349 22
37.25319 24
37.27288 30
37.29258 23
37.31227 22
37.33197 29
37.35166 35
37.37136 31
37.39106 28
37.41075 40
37.43045 22
37.45014 26
37.46984 28
37.48953 29
37.50923 33
37.52892 28
37.54862 28
37.56831 30
37.58801 35
37.60770 28
37.62740 29
37.64709 44
37.66679 33
37.68648 30
37.70618 42
37.72588 33
37.74557 38
37.76527 45
37.78496 51
37.80466 37
37.82436 37
37.84405 40
37.86375 42
37.88344 54
37.90314 46
37.92283 51
37.94253 71
37.96222 52
37.98192 63
38.00161 51
38.02131 68
38.04100 74
38.06070 58
38.08039 59
38.10009 65
38.11978 64
38.13948 70
38.15918 54
38.17887 51
38.19857 47
38.21826 46
38.23796 60
38.25765 42
38.27735 42
38.29704 57
38.31674 51
38.33644 45
38.35613 42
38.37583 39
38.39552 36
38.41522 47
38.43491 60
38.45461 43
38.47430 41
38.49400 43
38.51369 38
38.53339 46
38.55308 42
38.57278 45
38.59248 48
38.61217 52
38.63187 48
38.65156 55
38.67126 55
38.69095 45
38.71065 67
38.73034 67
38.75004 56
38.76973 50
38.78943 73
38.80912 63
38.82882 69
38.84852 82
38.86821 101
38.88791 55
38.90760 96
38.92730 77
38.94699 94
38.96669 87
38.98638 90
39.00608 108
39.02578 98
39.04547 122
39.06517 127
39.08486 153
39.10456 159
39.12425 187
39.14395 204
39.16364 227
39.18334 221
39.20303 258
39.22273 261
39.24242 314
39.26212 283
39.28181 333
39.30151 323
39.32120 340
39.34090 317
39.3606  366
39.38029 313
39.39999 318
39.41968 341
39.43938 383
39.45908 402
39.47877 443
39.49847 383
39.51816 449
39.53786 455
39.55755 417
39.57725 462
39.59694 464
39.61664 486
39.63633 506
39.65603 508
39.67572 547
39.69542 506
39.71511 572
39.73481 563
39.75450 566
39.77420 617
39.7939  649
39.81359 635
39.83329 670
39.85298 726
39.87268 815
39.89237 781
39.91207 815
39.93177 966
39.95146 1007
39.97116 1024
39.99085 1189
40.01055 1249
40.03024 1301
40.04994 1418
40.06963 1539
40.08933 1698
40.10902 1881
40.12872 1991
40.14841 2283
40.16811 2588
40.18780 2906
40.20750 3168
40.2272  3606
40.24689 4236
40.26659 4787
40.28628 5427
40.30598 6470
40.32567 7455
40.34537 8543
40.36506 10125
40.38476 11763
40.40445 13950
40.42415 16386
40.44385 19440
40.46354 23117
40.48324 27352
40.50293 32510
40.52263 38334
40.54232 44281
40.56202 50571
40.58171 55997
40.60141 60294
40.62110 63928
40.64080 64858
40.6605  63897
40.68019 62260
40.69989 59345
40.71958 55305
40.73928 51087
40.75897 46202
40.77867 41274
40.79836 36470
40.81806 31810
40.83775 27433
40.85745 23728
40.87714 20737
40.89684 17847
40.91653 15754
40.93623 13511
40.95592 11722
40.97562 10302
40.99532 9178
41.01501 7971
41.03471 7037
41.05440 6283
41.07410 5448
41.0938  4759
41.11349 4273
41.13319 3646
41.15288 3291
41.17258 3038
41.19227 2686
41.21197 2396
41.23166 2142
41.25136 1968
41.27105 1850
41.29075 1552
41.31044 1403
41.33014 1297
41.34983 1216
41.36953 1184
41.38922 966
41.40892 953
41.42861 916
41.44831 863
41.46801 823
41.48770 786
41.50740 716
41.5271  716
41.54679 609
41.56649 614
41.58618 572
41.60588 544
41.62557 512
41.64527 510
41.66496 467
41.68466 468
41.70435 485
41.72405 464
41.74374 425
41.76344 418
41.78313 388
41.80283 367
41.82252 356
41.84222 368
41.86191 424
41.88161 295
41.90131 331
41.92100 328
41.94070 319
41.96039 329
41.98009 280
41.99978 311
42.01948 318
42.03918 299
42.05887 264
42.07857 284
42.09826 274
42.11796 254
42.13765 257
42.15735 258
42.17704 227
42.19674 242
42.21643 233
42.23613 238
42.25582 225
42.27552 187
42.29521 220
42.31491 198
42.33461 187
42.35430 194
42.37400 185
42.39369 166
42.41339 172
42.43308 148
42.45278 176
42.47247 164
42.49217 170
42.51186 167
42.53156 149
42.55125 142
42.57095 141
42.59065 166
42.61034 140
42.63004 147
42.64973 146
42.66943 140
42.68912 127
42.70882 122
42.72851 116
42.74821 123
42.76791 116
42.78760 92
42.80730 123
42.82699 109
42.84669 128
42.86638 105
42.88608 100
42.90577 100
42.92547 90
42.94516 106
42.96486 101
42.98455 91
43.00425 96
43.02394 89
43.04364 79
43.06333 108
43.08303 82
43.10273 83
43.12242 85
43.14212 73
43.16181 85
43.18151 85
43.20121 47
43.22090 86
43.24060 55
43.26029 52
43.27999 80
43.29968 73
43.31938 65
43.33907 60
43.35877 49
43.37846 60
43.39816 58
43.41785 64
43.43755 69
43.45724 56
43.47694 51
43.49663 56
43.51633 53
43.53603 55
43.55572 46
43.57542 41
43.59511 44
43.61481 48
43.63451 34
43.65420 51
43.67390 43
43.69359 45
43.71329 28
43.73298 39
43.75268 44
43.77237 50
43.79207 43
43.81176 33
43.83146 49
43.85115 35
43.87085 52
43.89054 38
43.91024 20
43.92993 32
43.94963 37
43.96933 37
43.98902 42
44.00872 27
44.02841 35
44.04811 33
44.06780 27
44.08750 37
44.10719 32
44.12689 29
44.14658 32
44.16628 27
44.18598 33
44.20567 29
44.22537 21
44.24506 20
44.26476 23
44.28445 27
44.30415 27
44.32384 23
44.34354 30
44.36323 22
44.38293 31
44.40263 25
44.42232 24
44.44202 22
44.46171 25
44.48141 23
44.50110 18
44.52080 17
44.54049 30
44.56019 31
44.57988 19
44.59958 24
44.61927 23
44.63897 24
44.65866 23
44.67836 23
44.69806 25
44.71775 16
44.73745 22
44.75714 15
44.77684 25
44.79653 22
44.81623 19
44.83593 24
44.85562 11
44.87532 22
44.89501 17
44.91471 23
44.93440 17
44.95410 22
44.97379 19
44.99349 16
45.01318 21
45.03288 20
45.05257 23
45.07227 17
45.09196 18
45.11166 19
45.13135 21
45.15105 25
45.17075 13
45.19044 21
45.21014 23
45.22983 14
45.24953 12
45.26923 14
45.28892 15
45.30862 20
45.32831 24
45.34801 21
45.36770 19
45.38740 13
45.40709 17
45.42679 24
45.44648 18
45.46618 17
45.48587 19
45.50557 17
45.52526 10
45.54496 18
45.56465 18
45.58435 8
45.60405 10
45.62374 14
45.64344 14
45.66313 21
45.68283 17
45.70252 16
45.72222 16
45.74192 18
45.76161 18
45.78131 11
45.80100 6
45.82070 15
45.84039 11
45.86009 16
45.87978 14
45.89948 15
45.91917 8
45.93887 14
45.95856 18
45.97826 12
45.99795 8
46.01765 16
46.03735 11
46.05704 18
46.07674 10
46.09643 22
46.11613 14
46.13582 11
46.15552 20
46.17521 14
46.19491 10
46.21460 18
46.23430 11
46.25399 14
46.27369 18
46.29339 8
46.31308 10
46.33278 18
46.35247 11
46.37217 17
46.39186 14
46.41156 20
46.43125 22
46.45095 19
46.47065 13
46.49034 17
46.51004 21
46.52973 14
46.54943 12
46.56912 18
46.58882 16
46.60851 20
46.62821 9
46.64790 12
46.66760 14
46.68729 15
46.70699 15
46.72668 19
46.74638 9
46.76607 11
46.78577 16
46.80547 15
46.82516 19
46.84486 11
46.86455 18
46.88425 16
46.90395 12
46.92364 14
46.94334 20
46.96303 20
46.98273 12
47.00242 16
47.02212 8
47.04181 12
47.06151 13
47.08120 16
47.10090 17
47.12059 23
47.14029 25
47.15998 15
47.17968 13
47.19937 12
47.21907 10
47.23877 11
47.25846 16
47.27816 6
47.29785 14
47.31755 18
47.33725 9
47.35694 19
47.37664 16
47.39633 26
47.41603 13
47.43572 9
47.45542 11
47.47511 10
47.49481 13
47.51450 10
47.53420 15
47.55389 13
47.57359 16
47.59328 12
47.61298 11
47.63267 8
47.65237 18
47.67207 10
47.69176 11
47.71146 23
47.73115 16
47.75085 15
47.77054 12
47.79024 18
47.80993 15
47.82963 11
47.84932 16
47.86902 18
47.88872 11
47.90841 8
47.92811 18
47.94780 13
47.96750 6
47.98719 12
48.00689 18
48.02658 15
48.04628 18
48.06597 15
48.08567 14
48.10537 11
48.12506 6
48.14476 12
48.16445 12
48.18415 8
48.20384 14
48.22354 13
48.24323 13
48.26293 17
48.28262 14
48.30232 14
48.32201 17
48.34171 18
48.36140 24
48.38110 18
48.40080 12
48.42049 10
48.44019 10
48.45988 12
48.47958 12
48.49927 15
48.51897 12
48.53867 17
48.55836 11
48.57806 11
48.59775 13
48.61745 19
48.63714 9
48.65684 10
48.67653 20
48.69623 8
48.71592 15
48.73562 12
48.75531 17
48.77501 17
48.79470 15
48.81440 17
48.83409 9
48.85379 15
48.87348 13
48.89318 11
48.91288 15
48.93257 21
48.95227 10
48.97197 14
48.99166 13
49.01136 15
49.03105 17
49.05075 9
49.07044 9
49.09014 14
49.10983 17
49.12953 18
49.14922 22
49.16892 16
49.18861 12
49.20831 18
49.22800 8
49.24770 16
49.26739 12
49.28709 20
49.30678 10
49.32648 23
49.34618 13
49.36587 17
49.38557 19
49.40526 16
49.42496 10
49.44465 14
49.46435 20
49.48405 12
49.50374 16
49.52344 15
49.54313 18
49.56283 12
49.58252 22
49.60222 24
49.62191 24
49.64161 19
49.66130 17
49.68100 29
49.70069 27
49.72039 27
49.74008 23
49.75978 27
49.77948 28
49.79917 38
49.81887 27
49.83856 24
49.85826 28
49.87795 25
49.89765 45
49.91734 31
49.93704 34
49.95673 33
49.97643 34
49.99613 38
50.01582 40
50.03552 38
50.05521 31
50.07491 37
50.09460 27
50.11430 21
50.13399 25
50.15369 28
50.17338 19
50.19308 27
50.21278 20
50.23247 28
50.25217 27
50.27186 30
50.29156 13
50.31125 23
50.33095 21
50.35064 14
50.37034 21
50.39003 20
50.40973 14
50.42942 19
50.44912 11
50.46881 16
50.48851 10
50.50820 15
50.52790 13
50.54760 19
50.56729 15
50.58699 14
50.60668 14
50.62638 19
50.64608 9
50.66577 14
50.68547 17
50.70516 14
50.72486 17
50.74455 19
50.76425 12
50.78394 12
50.80364 7
50.82333 12
50.84303 16
50.86272 19
50.88242 11
50.90211 12
50.92181 21
50.94150 21
50.96120 17
50.9809  7
51.00059 17
51.02029 16
51.03998 12
51.05968 16
51.07938 11
51.09907 19
51.11877 14
51.13846 10
51.15816 19
51.17785 13
51.19755 9
51.21724 5
51.23694 9
51.25663 13
51.27633 20
51.29602 13
51.31572 16
51.33541 11
51.35511 5
51.37480 17
51.39450 12
51.4142  11
51.43389 12
51.45359 15
51.47328 22
51.49298 12
51.51267 6
51.53237 11
51.55206 19
51.57176 12
51.59146 14
51.61115 10
51.63085 8
51.65054 21
51.67024 18
51.68993 9
51.70963 19
51.72932 10
51.74902 19
51.76871 15
51.78841 17
51.80810 16
51.82780 17
51.8475  7
51.86719 13
51.88689 19
51.90658 13
51.92628 15
51.94597 10
51.96567 11
51.98536 10
52.00506 7
52.02475 18
52.04445 18
52.06414 11
52.08384 14
52.10353 10
52.12323 22
52.14293 12
52.16262 9
52.18232 13
52.20201 18
52.22171 9
52.24140 14
52.26110 9
52.2808  19
52.30049 15
52.32019 17
52.33988 16
52.35958 14
52.37927 17
52.39897 10
52.41866 17
52.43836 12
52.45805 12
52.47775 16
52.49744 7
52.51714 10
52.53683 12
52.55653 13
52.57622 12
52.59592 14
52.61562 9
52.63531 9
52.65501 11
52.67470 21
52.69440 12
52.7141  14
52.73379 20
52.75349 8
52.77318 12
52.79288 8
52.81257 16
52.83227 14
52.85196 15
52.87166 5
52.89135 14
52.91105 8
52.93074 15
52.95044 12
52.97013 11
52.98983 9
53.00952 11
53.02922 11
53.04892 13
53.06861 16
53.08831 11
53.10800 12
53.12770 14
53.14739 10
53.16709 13
53.18679 12
53.20648 17
53.22618 12
53.24587 15
53.26557 13
53.28526 19
53.30496 10
53.32465 10
53.34435 12
53.36404 8
53.38374 17
53.40343 13
53.42313 9
53.44282 12
53.46252 14
53.48222 14
53.50191 12
53.52161 7
53.54130 17
53.56100 20
53.58069 13
53.60039 12
53.62008 16
53.63978 17
53.65947 16
53.67917 16
53.69886 19
53.71856 10
53.73826 15
53.75795 4
53.77765 10
53.79734 12
53.81704 6
53.83673 17
53.85643 14
53.87612 21
53.89582 18
53.91552 14
53.93521 13
53.95491 18
53.97460 11
53.99430 9
54.01399 3
54.03369 17
54.05338 11
54.07308 19
54.09277 20
54.11247 7
54.13216 21
54.15186 17
54.17155 14
54.19125 12
54.21094 12
54.23064 15
54.25034 17
54.27003 9
54.28973 17
54.30942 12
54.32912 12
54.34882 11
54.36851 12
54.38821 9
54.40790 13
54.42760 12
54.44729 9
54.46699 13
54.48668 12
54.50638 21
54.52607 13
54.54577 8
54.56546 15
54.58516 15
54.60485 13
54.62455 13
54.64424 18
54.66394 12
54.68364 15
54.70333 10
54.72303 13
54.74272 7
54.76242 7
54.78212 7
54.80181 14
54.82151 13
54.84120 13
54.86090 16
54.88059 12
54.90029 16
54.91998 12
54.93968 6
54.95937 10
54.97907 18
54.99876 16
55.01846 18
55.03815 21
55.05785 16
55.07754 10
55.09724 14
55.11694 15
55.13663 20
55.15633 12
55.17602 18
55.19572 25
55.21541 16
55.23511 12
55.25480 14
55.27450 13
55.29419 10
55.31389 12
55.33359 10
55.35328 13
55.37298 15
55.39267 17
55.41237 11
55.43206 22
55.45176 13
55.47145 12
55.49115 16
55.51084 18
55.53054 12
55.55024 13
55.56993 14
55.58963 16
55.60932 14
55.62902 12
55.64871 14
55.66841 16
55.68810 10
55.70780 14
55.72749 12
55.74719 15
55.76688 14
55.78658 17
55.80627 12
55.82597 14
55.84567 10
55.86536 12
55.88506 17
55.90475 15
55.92445 14
55.94414 11
55.96384 12
55.98354 20
56.00323 18
56.02293 9
56.04262 15
56.06232 15
56.08201 16
56.10171 21
56.12140 11
56.14110 18
56.16079 12
56.18049 20
56.20018 14
56.21988 11
56.23957 11
56.25927 20
56.27896 14
56.29866 15
56.31835 17
56.33805 8
56.35775 20
56.37744 17
56.39714 13
56.41684 14
56.43653 15
56.45623 14
56.47592 12
56.49562 5
56.51531 18
56.53501 11
56.55470 13
56.57440 8
56.59409 13
56.61379 13
56.63348 14
56.65318 11
56.67287 17
56.69257 14
56.71226 11
56.73196 13
56.75165 17
56.77135 17
56.79105 17
56.81074 18
56.83044 21
56.85013 17
56.86983 11
56.88953 10
56.90922 9
56.92892 14
56.94861 12
56.96831 14
56.98800 20
57.00770 13
57.02739 18
57.04709 20
57.06678 14
57.08648 20
57.10617 20
57.12587 24
57.14556 18
57.16526 18
57.18495 11
57.20465 22
57.22435 10
57.24404 20
57.26374 19
57.28343 13
57.30313 19
57.32282 16
57.34252 12
57.36221 20
57.38191 23
57.40160 19
57.42130 13
57.44100 14
57.46069 15
57.48039 22
57.50008 20
57.51978 20
57.53947 17
57.55917 18
57.57886 26
57.59856 18
57.61825 15
57.63795 14
57.65765 19
57.67734 18
57.69704 16
57.71673 22
57.73643 20
57.75612 21
57.77582 14
57.79551 13
57.81521 16
57.83490 19
57.85460 19
57.87429 6
57.89399 20
57.91368 11
57.93338 10
57.95308 12
57.97277 14
57.99247 12
58.01216 16
58.03186 18
58.05155 16
58.07125 17
58.09095 14
58.11064 10
58.13034 16
58.15003 5
58.16973 22
58.18942 17
58.20912 22
58.22881 18
58.24851 15
58.26820 11
58.28790 19
58.30759 13
58.32729 17
58.34698 19
58.36668 20
58.38637 15
58.40607 18
58.42577 21
58.44546 23
58.46516 23
58.48485 20
58.50455 19
58.52425 17
58.54394 33
58.56364 27
58.58333 23
58.60303 17
58.62272 24
58.64242 21
58.66211 31
58.68181 22
58.70150 24
58.72120 23
58.74089 26
58.76059 21
58.78028 22
58.79998 29
58.81967 22
58.83937 21
58.85907 13
58.87876 22
58.89846 20
58.91815 27
58.93785 23
58.95754 25
58.97724 25
58.99693 27
59.01663 18
59.03633 17
59.05602 14
59.07572 21
59.09541 15
59.11511 20
59.13480 21
59.15450 14
59.17419 15
59.19389 15
59.21358 14
59.23328 24
59.25297 25
59.27267 19
59.29237 17
59.31206 14
59.33176 18
59.35145 18
59.37115 18
59.39084 13
59.41054 13
59.43023 12
59.44993 20
59.46962 15
59.48932 15
59.50901 25
59.52871 14
59.54841 14
59.56810 20
59.58780 19
59.60749 14
59.62719 12
59.64688 17
59.66658 23
59.68627 15
59.70597 17
59.72567 19
59.74536 16
59.76506 25
59.78475 11
59.80445 15
59.82414 17
59.84384 22
59.86353 12
59.88323 14
59.90292 19
59.92262 14
59.94231 19
59.96201 18
59.98170 15
60.00140 10
