Commander Sample ID
20.0     17
20.01969 19
20.03939 14
20.05908 20
20.07878 13
20.09847 18
20.11817 21
20.13786 15
20.15756 22
20.17725 10
20.19695 16
20.21665 21
20.23634 13
20.25604 13
20.27573 19
20.29543 15
20.31512 12
20.33482 17
20.35451 16
20.37421 20
20.39390 10
20.41360 16
20.4333  16
20.45299 17
20.47269 11
20.49238 14
20.51208 10
20.53177 18
20.55147 19
20.57116 15
20.59086 15
20.61055 22
20.63025 13
20.64994 19
20.66964 14
20.68934 15
20.70903 15
20.72873 16
20.74842 14
20.76812 13
20.78781 5
20.80751 24
20.82720 14
20.84690 17
20.86659 14
20.88629 12
20.90598 18
20.92568 15
20.94538 18
20.96507 15
20.98477 16
21.00446 15
21.02416 11
21.04385 11
21.06355 11
21.08324 20
21.10294 18
21.12263 21
21.14233 19
21.16202 14
21.18172 14
21.20142 19
21.22111 20
21.24081 17
21.26050 27
21.28020 9
21.29989 16
21.31959 13
21.33928 18
21.35898 21
21.37867 16
21.39837 15
21.41807 17
21.43776 13
21.45746 18
21.47715 13
21.49685 18
21.51654 20
21.53624 12
21.55593 15
21.57563 14
21.59532 14
21.61502 16
21.63472 17
21.65441 13
21.67411 20
21.69380 19
21.71350 14
21.73319 20
21.75289 18
21.77258 17
21.79228 13
21.81197 20
21.83167 28
21.85137 12
21.87106 12
21.89076 15
21.91045 21
21.93015 13
21.94984 10
21.96954 9
21.98923 15
22.00893 22
22.02862 15
22.04832 23
22.06802 13
22.08771 16
22.10741 12
22.12710 14
22.14680 20
22.16649 11
22.18619 13
22.20588 13
22.22558 14
22.24527 25
22.26497 20
22.28467 24
22.30436 18
22.32406 16
22.34375 15
22.36345 16
22.38314 14
22.40284 22
22.42253 18
22.44223 18
22.46192 19
22.48162 18
22.50131 23
22.52101 12
22.54071 12
22.56040 16
22.58010 11
22.59979 18
22.61949 10
22.63918 11
22.65888 24
22.67857 12
22.69827 18
22.71796 15
22.73766 10
22.75735 23
22.77705 17
22.79675 10
22.81644 8
22.83614 15
22.85583 13
22.87553 18
22.89522 14
22.91492 21
22.93461 16
22.95431 18
22.97400 25
22.99370 16
23.01339 16
23.03309 12
23.05279 10
23.07248 18
23.09218 13
23.11187 20
23.13157 17
23.15126 18
23.17096 15
23.19065 10
23.21035 16
23.23004 17
23.24974 15
23.26944 18
23.28913 19
23.30883 12
23.32852 10
23.34822 18
23.36791 9
23.38761 12
23.40730 17
23.42700 19
23.44669 10
23.46639 19
23.48609 8
23.50578 17
23.52548 12
23.54517 15
23.56487 11
23.58456 13
23.60426 19
23.62395 11
23.64365 17
23.66334 24
23.68304 14
23.70274 13
23.72243 16
23.74213 17
23.76182 25
23.78152 18
23.80121 13
23.82091 20
23.84060 10
23.86030 15
23.87999 19
23.89969 15
23.91939 9
23.93908 9
23.95878 10
23.97847 21
23.99817 13
24.01786 12
24.03756 15
24.05725 14
24.07695 9
24.09664 14
24.11634 19
24.13604 18
24.15573 17
24.17543 16
24.19512 11
24.21482 12
24.23451 12
24.25421 15
24.27390 16
24.29360 10
24.31329 21
24.33299 16
24.35268 12
24.37238 16
24.39208 9
24.41177 15
24.43147 11
24.45116 15
24.47086 22
24.49055 13
24.51025 13
24.52994 21
24.54964 5
24.56933 16
24.58903 8
24.60872 12
24.62842 16
24.64812 19
24.66781 10
24.68751 11
24.70720 16
24.72690 14
24.74659 13
24.76629 12
24.78598 12
24.80568 24
24.82537 13
24.84507 12
24.86476 13
24.88446 10
24.90416 18
24.92385 19
24.94355 17
24.96324 11
24.98294 11
25.00263 14
25.02233 13
25.04202 11
25.06172 14
25.08141 15
25.10111 17
25.12081 14
25.14050 21
25.1602  17
25.17989 9
25.19959 18
25.21928 16
25.23898 12
25.25867 23
25.27837 18
25.29806 14
25.31776 17
25.33746 10
25.35715 14
25.37685 18
25.39654 9
25.41624 12
25.43593 17
25.45563 14
25.47532 11
25.49502 16
25.51471 18
25.53441 17
25.55411 17
25.57380 16
25.5935  14
25.61319 17
25.63289 13
25.65258 17
25.67228 15
25.69197 19
25.71167 15
25.73136 15
25.75106 20
25.77076 18
25.79045 8
25.81015 12
25.82984 8
25.84954 16
25.86923 21
25.88893 12
25.90862 21
25.92832 14
25.94801 14
25.96771 20
25.98741 13
26.00710 11
26.0268  18
26.04649 20
26.06619 6
26.08588 14
26.10558 13
26.12527 18
26.14497 17
26.16466 15
26.18436 18
26.20405 9
26.22375 14
26.24345 16
26.26314 18
26.28284 14
26.30253 15
26.32223 17
26.34192 12
26.36162 9
26.38131 13
26.40101 19
26.42070 8
26.44040 15
26.46009 7
26.47979 14
26.49948 16
26.51918 12
26.53888 18
26.55857 16
26.57827 14
26.59796 11
26.61766 11
26.63735 8
26.65705 14
26.67674 14
26.69644 14
26.71613 11
26.73583 11
26.75552 23
26.77522 11
26.79492 15
26.81461 15
26.83431 15
26.85400 8
26.87370 11
26.89339 13
26.91309 14
26.93278 15
26.95248 15
26.97217 12
26.99187 12
27.01157 17
27.03126 10
27.05096 11
27.07065 10
27.09035 12
27.11004 15
27.12974 15
27.14943 13
27.16913 11
27.18882 16
27.20852 23
27.22822 24
27.24791 9
27.26761 20
27.28730 17
27.30700 8
27.32669 11
27.34639 16
27.36608 10
27.38578 16
27.40547 9
27.42517 21
27.44487 14
27.46456 13
27.48426 16
27.50395 8
27.52365 9
27.54334 15
27.56304 12
27.58273 11
27.60243 16
27.62212 5
27.64182 14
27.66152 15
27.68121 10
27.70091 18
27.72060 12
27.74030 10
27.75999 14
27.77969 15
27.79938 10
27.81908 18
27.83877 13
27.85847 13
27.87817 11
27.89786 15
27.91756 21
27.93725 10
27.95695 12
27.97664 16
27.99634 17
28.01603 10
28.03573 8
28.05542 10
28.07512 10
28.09482 19
28.11451 21
28.13421 11
28.15390 17
28.17360 12
28.19329 20
28.21299 14
28.23268 11
28.25238 13
28.27207 11
28.29177 12
28.31146 11
28.33116 8
28.35085 11
28.37055 13
28.39025 11
28.40994 11
28.42964 16
28.44933 12
28.46903 9
28.48872 13
28.50842 13
28.52811 8
28.54781 16
28.56750 15
28.58720 14
28.60689 23
28.62659 18
28.64629 12
28.66598 12
28.68568 15
28.70537 13
28.72507 19
28.74476 12
28.76446 12
28.78415 15
28.80385 15
28.82354 11
28.84324 12
28.86294 14
28.88263 15
28.90233 16
28.92202 16
28.94172 19
28.96141 15
28.98111 16
29.00080 13
29.02050 6
29.04019 17
29.05989 8
29.07959 7
29.09928 12
29.11898 7
29.13867 24
29.15837 14
29.17806 16
29.19776 13
29.21745 10
29.23715 7
29.25684 17
29.27654 20
29.29624 12
29.31593 13
29.33563 8
29.35532 14
29.37502 11
29.39471 16
29.41441 14
29.43410 17
29.45380 16
29.47349 13
29.49319 21
29.51289 8
29.53258 15
29.55228 9
29.57197 12
29.59167 21
29.61136 19
29.63106 10
29.65075 11
29.67045 15
29.69014 18
29.70984 12
29.72954 12
29.74923 13
29.76893 18
29.78862 13
29.80832 14
29.82801 16
29.84771 18
29.86740 14
29.88710 16
29.90679 13
29.92649 18
29.94618 17
29.96588 13
29.98558 17
30.00527 12
30.02497 19
30.04466 14
30.06436 13
30.08405 13
30.10375 10
30.12344 17
30.14314 15
30.16283 14
30.18253 13
30.20222 14
30.22192 11
30.24162 11
30.26131 19
30.28101 17
30.30070 15
30.32040 8
30.34009 15
30.35979 17
30.37948 20
30.39918 20
30.41887 15
30.43857 13
30.45826 14
30.47796 17
30.49766 11
30.51735 12
30.53705 14
30.55674 12
30.57644 16
30.59613 15
30.61583 14
30.63552 18
30.65522 13
30.67491 21
30.69461 14
30.71431 10
30.73400 18
30.75370 15
30.77339 20
30.79309 20
30.81278 17
30.83248 10
30.85217 15
30.87187 22
30.89156 11
30.91126 22
30.93096 13
30.95065 13
30.97035 9
30.99004 23
31.00974 14
31.02943 12
31.04913 11
31.06882 14
31.08852 12
31.10821 9
31.12791 11
31.14761 16
31.16730 13
31.187   17
31.20669 15
31.22639 16
31.24608 14
31.26578 11
31.28547 13
31.30517 19
31.32486 10
31.34456 18
31.36426 20
31.38395 14
31.40365 14
31.42334 19
31.44304 13
31.46273 9
31.48243 20
31.50212 13
31.52182 13
31.54151 17
31.56121 8
31.58091 14
31.60060 15
31.6203  14
31.63999 20
31.65969 13
31.67938 15
31.69908 16
31.71877 13
31.73847 14
31.75816 12
31.77786 19
31.79755 16
31.81725 7
31.83695 20
31.85664 11
31.87634 15
31.89603 19
31.91573 18
31.93542 14
31.95512 13
31.97481 14
31.99451 16
32.01421 13
32.03390 13
32.0536  19
32.07329 17
32.09299 19
32.11268 12
32.13238 12
32.15207 13
32.17177 16
32.19146 21
32.21116 16
32.23085 12
32.25055 14
32.27024 18
32.28994 16
32.30963 24
32.32933 17
32.34903 13
32.36872 16
32.38842 12
32.40811 22
32.42781 10
32.44750 18
32.46720 12
32.4869  22
32.50659 19
32.52629 21
32.54598 12
32.56568 12
32.58537 15
32.60507 7
32.62476 13
32.64446 19
32.66415 16
32.68385 16
32.70354 19
32.72324 10
32.74293 20
32.76263 18
32.78233 16
32.80202 15
32.82172 17
32.84141 29
32.86111 15
32.88080 13
32.90050 17
32.92019 22
32.93989 14
32.95958 15
32.97928 17
32.99897 14
33.01867 18
33.03837 17
33.05806 19
33.07776 13
33.09745 28
33.11715 17
33.13684 17
33.15654 15
33.17623 22
33.19593 15
33.21563 27
33.23532 12
33.25502 21
33.27471 21
33.29441 14
33.31410 19
33.33380 20
33.35349 19
33.37319 19
33.39288 22
33.41258 22
33.43227 22
33.45197 21
33.47166 22
33.49136 25
33.51105 23
33.53075 24
33.55045 22
33.57014 12
33.58984 25
33.60953 18
33.62923 24
33.64893 11
33.66862 22
33.68832 33
33.70801 28
33.72771 24
33.74740 23
33.76710 17
33.78679 22
33.80649 22
33.82618 21
33.84588 16
33.86557 23
33.88527 34
33.90496 29
33.92466 19
33.94435 30
33.96405 22
33.98374 19
34.00344 27
34.02314 21
34.04283 27
34.06253 22
34.08223 29
34.10192 21
34.12162 31
34.14131 32
34.16101 35
34.18070 31
34.20040 16
34.22009 33
34.23979 31
34.25948 30
34.27918 37
34.29887 32
34.31857 27
34.33826 28
34.35796 43
34.37765 40
34.39735 29
34.41704 37
34.43674 37
34.45644 29
34.47613 41
34.49583 41
34.51552 36
34.53522 46
34.55491 56
34.57461 36
34.59430 37
34.61400 42
34.63370 47
34.65339 49
34.67309 51
34.69278 37
34.71248 45
34.73217 41
34.75187 49
34.77156 51
34.79126 41
34.81095 38
34.83065 43
34.85034 69
34.87004 58
34.88974 60
34.90943 49
34.92913 64
34.94882 44
34.96852 53
34.98821 59
35.00791 50
35.02760 70
35.04730 64
35.06699 59
35.08669 64
35.10638 76
35.12608 83
35.14578 61
35.16547 66
35.18517 56
35.20486 90
35.22456 85
35.24425 85
35.26395 71
35.28364 85
35.30334 88
35.32304 88
35.34273 83
35.36243 110
35.38212 92
35.40182 95
35.42151 86
35.44121 115
35.46090 104
35.48060 106
35.50029 105
35.51999 111
35.53968 117
35.55938 109
35.57907 121
35.59877 120
35.61846 147
35.63816 124
35.65786 134
35.67755 135
35.69725 145
35.71694 124
35.73664 152
35.75634 160
35.77603 141
35.79573 168
35.81542 171
35.83512 164
35.85481 161
35.87451 146
35.89420 171
35.91390 174
35.93359 132
35.95329 171
35.97298 175
35.99268 176
36.01237 184
36.03207 166
36.05176 154
36.07146 182
36.09116 179
36.11085 183
36.13055 164
36.15024 169
36.16994 173
36.18964 208
36.20933 189
36.22903 166
36.24872 181
36.26842 184
36.28811 176
36.30781 185
36.32750 160
36.34720 153
36.36689 159
36.38659 150
36.40628 147
36.42598 126
36.44567 129
36.46537 127
36.48506 132
36.50476 111
36.52446 121
36.54415 125
36.56385 127
36.58354 103
36.60324 91
36.62293 91
36.64263 113
36.66232 93
36.68202 95
36.70171 96
36.72141 75
36.74111 90
36.76080 75
36.78050 81
36.80019 79
36.81989 63
36.83958 75
36.85928 90
36.87897 66
36.89867 63
36.91836 57
36.93806 73
36.95776 61
36.97745 63
36.99715 59
37.01684 58
37.03654 52
37.05623 68
37.07593 58
37.09562 62
37.11532 64
37.13501 62
37.15471 51
37.17440 48
37.19410 49
37.21379 57
37.23349 58
37.25319 73
37.27288 59
37.29258 56
37.31227 62
37.33197 73
37.35166 58
37.37136 75
37.39106 59
37.41075 47
37.43045 65
37.45014 49
37.46984 68
37.48953 63
37.50923 63
37.52892 47
37.54862 50
37.56831 59
37.58801 52
37.60770 46
37.62740 57
37.64709 55
37.66679 69
37.68648 60
37.70618 62
37.72588 59
37.74557 62
37.76527 60
37.78496 73
37.80466 70
37.82436 56
37.84405 60
37.86375 66
37.88344 73
37.90314 72
37.92283 56
37.94253 75
37.96222 63
37.98192 74
38.00161 66
38.02131 72
38.04100 51
38.06070 69
38.08039 66
38.10009 57
38.11978 87
38.13948 73
38.15918 77
38.17887 89
38.19857 73
38.21826 70
38.23796 64
38.25765 80
38.27735 74
38.29704 55
38.31674 63
38.33644 66
38.35613 77
38.37583 61
38.39552 84
38.41522 80
38.43491 86
38.45461 76
38.47430 68
38.49400 82
38.51369 73
38.53339 71
38.55308 80
38.57278 76
38.59248 77
38.61217 80
38.63187 93
38.65156 95
38.67126 91
38.69095 86
38.71065 104
38.73034 93
38.75004 114
38.76973 102
38.78943 104
38.80912 113
38.82882 105
38.84852 139
38.86821 122
38.88791 155
38.90760 153
38.92730 144
38.94699 165
38.96669 161
38.98638 153
39.00608 192
39.02578 218
39.04547 224
39.06517 220
39.08486 246
39.10456 255
39.12425 296
39.14395 298
39.16364 313
39.18334 302
39.20303 338
39.22273 312
39.24242 376
39.26212 398
39.28181 376
39.30151 428
39.32120 380
39.34090 439
39.3606  439
39.38029 412
39.39999 462
39.41968 434
39.43938 481
39.45908 474
39.47877 481
39.49847 473
39.51816 508
39.53786 551
39.55755 537
39.57725 552
39.59694 574
39.61664 652
39.63633 618
39.65603 656
39.67572 686
39.69542 726
39.71511 750
39.73481 770
39.75450 797
39.77420 829
39.7939  895
39.81359 946
39.83329 976
39.85298 1015
39.87268 1196
39.89237 1185
39.91207 1279
39.93177 1392
39.95146 1471
39.97116 1669
39.99085 1828
40.01055 1862
40.03024 2190
40.04994 2501
40.06963 2780
40.08933 2952
40.10902 3312
40.12872 3906
40.14841 4302
40.16811 4939
40.18780 5871
40.20750 6732
40.2272  8033
40.24689 9083
40.26659 10777
40.28628 12808
40.30598 15149
40.32567 17983
40.34537 21101
40.36506 25317
40.38476 30273
40.40445 35762
40.42415 42498
40.44385 49088
40.46354 56737
40.48324 62937
40.50293 69448
40.52263 72985
40.54232 74644
40.56202 74608
40.58171 72688
40.60141 69695
40.62110 65528
40.64080 60109
40.6605  54203
40.68019 48787
40.69989 43040
40.71958 37881
40.73928 32515
40.75897 28400
40.77867 24363
40.79836 21393
40.81806 18260
40.83775 16105
40.85745 14080
40.87714 12345
40.89684 10839
40.91653 9419
40.93623 8131
40.95592 7335
40.97562 6419
40.99532 5735
41.01501 5202
41.03471 4462
41.05440 3980
41.07410 3435
41.0938  3121
41.11349 2849
41.13319 2664
41.15288 2324
41.17258 2132
41.19227 1900
41.21197 1754
41.23166 1630
41.25136 1536
41.27105 1380
41.29075 1274
41.31044 1197
41.33014 1147
41.34983 1044
41.36953 1003
41.38922 902
41.40892 848
41.42861 784
41.44831 740
41.46801 739
41.48770 714
41.50740 659
41.5271  621
41.54679 684
41.56649 624
41.58618 590
41.60588 528
41.62557 568
41.64527 525
41.66496 558
41.68466 546
41.70435 478
41.72405 489
41.74374 469
41.76344 447
41.78313 407
41.80283 442
41.82252 432
41.84222 424
41.86191 424
41.88161 406
41.90131 411
41.92100 342
41.94070 310
41.96039 358
41.98009 337
41.99978 371
42.01948 321
42.03918 322
42.05887 298
42.07857 316
42.09826 282
42.11796 286
42.13765 291
42.15735 270
42.17704 292
42.19674 269
42.21643 249
42.23613 291
42.25582 252
42.27552 263
42.29521 256
42.31491 242
42.33461 218
42.35430 195
42.37400 231
42.39369 216
42.41339 198
42.43308 226
42.45278 211
42.47247 193
42.49217 194
42.51186 178
42.53156 179
42.55125 176
42.57095 201
42.59065 167
42.61034 180
42.63004 164
42.64973 168
42.66943 180
42.68912 143
42.70882 177
42.72851 161
42.74821 150
42.76791 155
42.78760 132
42.80730 135
42.82699 136
42.84669 126
42.86638 130
42.88608 127
42.90577 117
42.92547 109
42.94516 144
42.96486 96
42.98455 111
43.00425 95
43.02394 120
43.04364 103
43.06333 110
43.08303 95
43.10273 91
43.12242 83
43.14212 98
43.16181 90
43.18151 76
43.20121 99
43.22090 77
43.24060 79
43.26029 77
43.27999 63
43.29968 82
43.31938 72
43.33907 71
43.35877 57
43.37846 69
43.39816 69
43.41785 71
43.43755 73
43.45724 66
43.47694 54
43.49663 57
43.51633 54
43.53603 55
43.55572 63
43.57542 48
43.59511 74
43.61481 60
43.63451 52
43.65420 57
43.67390 60
43.69359 38
43.71329 52
43.73298 47
43.75268 49
43.77237 54
43.79207 45
43.81176 45
43.83146 35
43.85115 42
43.87085 43
43.89054 52
43.91024 37
43.92993 34
43.94963 31
43.96933 35
43.98902 25
44.00872 35
44.02841 36
44.04811 33
44.06780 39
44.08750 29
44.10719 28
44.12689 24
44.14658 30
44.16628 32
44.18598 29
44.20567 30
44.22537 43
44.24506 29
44.26476 31
44.28445 34
44.30415 32
44.32384 37
44.34354 29
44.36323 24
44.38293 27
44.40263 26
44.42232 29
44.44202 27
44.46171 29
44.48141 28
44.50110 20
44.52080 21
44.54049 20
44.56019 20
44.57988 17
44.59958 24
44.61927 19
44.63897 31
44.65866 20
44.67836 19
44.69806 27
44.71775 11
44.73745 26
44.75714 19
44.77684 17
44.79653 15
44.81623 16
44.83593 24
44.85562 22
44.87532 14
44.89501 16
44.91471 21
44.93440 19
44.95410 19
44.97379 25
44.99349 23
45.01318 27
45.03288 14
45.05257 16
45.07227 11
45.09196 14
45.11166 19
45.13135 17
45.15105 23
45.17075 18
45.19044 14
45.21014 20
45.22983 14
45.24953 18
45.26923 22
45.28892 11
45.30862 17
45.32831 15
45.34801 17
45.36770 13
45.38740 22
45.40709 10
45.42679 15
45.44648 14
45.46618 13
45.48587 22
45.50557 21
45.52526 16
45.54496 14
45.56465 21
45.58435 21
45.60405 15
45.62374 13
45.64344 13
45.66313 11
45.68283 14
45.70252 15
45.72222 16
45.74192 15
45.76161 16
45.78131 15
45.80100 11
45.82070 20
45.84039 17
45.86009 12
45.87978 9
45.89948 15
45.91917 18
45.93887 17
45.95856 13
45.97826 17
45.99795 14
46.01765 12
46.03735 9
46.05704 13
46.07674 15
46.09643 11
46.11613 15
46.13582 12
46.15552 14
46.17521 8
46.19491 21
46.21460 12
46.23430 19
46.25399 15
46.27369 17
46.29339 12
46.31308 18
46.33278 6
46.35247 15
46.37217 16
46.39186 16
46.41156 12
46.43125 16
46.45095 18
46.47065 21
46.49034 6
46.51004 14
46.52973 11
46.54943 10
46.56912 10
46.58882 12
46.60851 20
46.62821 18
46.64790 12
46.66760 11
46.68729 12
46.70699 25
46.72668 15
46.74638 22
46.76607 14
46.78577 12
46.80547 13
46.82516 11
46.84486 10
46.86455 13
46.88425 12
46.90395 15
46.92364 11
46.94334 13
46.96303 12
46.98273 15
47.00242 8
47.02212 15
47.04181 15
47.06151 16
47.08120 14
47.10090 11
47.12059 8
47.14029 10
47.15998 12
47.17968 18
47.19937 13
47.21907 14
47.23877 15
47.25846 15
47.27816 9
47.29785 14
47.31755 15
47.33725 16
47.35694 7
47.37664 15
47.39633 17
47.41603 19
47.43572 12
47.45542 12
47.47511 11
47.49481 4
47.51450 15
47.53420 11
47.55389 11
47.57359 16
47.59328 15
47.61298 13
47.63267 13
47.65237 10
47.67207 12
47.69176 14
47.71146 18
47.73115 9
47.75085 8
47.77054 16
47.79024 15
47.80993 11
47.82963 9
47.84932 11
47.86902 16
47.88872 12
47.90841 20
47.92811 11
47.94780 12
47.96750 12
47.98719 11
48.00689 10
48.02658 17
48.04628 13
48.06597 13
48.08567 11
48.10537 16
48.12506 16
48.14476 16
48.16445 11
48.18415 14
48.20384 10
48.22354 15
48.24323 16
48.26293 10
48.28262 11
48.30232 13
48.32201 14
48.34171 9
48.36140 14
48.38110 10
48.40080 15
48.42049 12
48.44019 21
48.45988 12
48.47958 14
48.49927 18
48.51897 11
48.53867 4
48.55836 9
48.57806 11
48.59775 12
48.61745 8
48.63714 14
48.65684 15
48.67653 10
48.69623 8
48.71592 10
48.73562 14
48.75531 5
48.77501 17
48.79470 7
48.81440 8
48.83409 7
48.85379 7
48.87348 14
48.89318 18
48.91288 5
48.93257 13
48.95227 23
48.97197 12
48.99166 20
49.01136 20
49.03105 14
49.05075 6
49.07044 16
49.09014 12
49.10983 14
49.12953 12
49.14922 17
49.16892 14
49.18861 16
49.20831 13
49.22800 12
49.24770 11
49.26739 10
49.28709 13
49.30678 8
49.32648 17
49.34618 13
49.36587 13
49.38557 12
49.40526 9
49.42496 10
49.44465 14
49.46435 10
49.48405 13
49.50374 9
49.52344 8
49.54313 10
49.56283 8
49.58252 11
49.60222 16
49.62191 12
49.64161 13
49.66130 10
49.68100 15
49.70069 5
49.72039 13
49.74008 11
49.75978 13
49.77948 10
49.79917 12
49.81887 11
49.83856 10
49.85826 12
49.87795 7
49.89765 16
49.91734 5
49.93704 11
49.95673 12
49.97643 11
49.99613 11
50.01582 14
50.03552 13
50.05521 11
50.07491 12
50.09460 15
50.11430 9
50.13399 16
50.15369 13
50.17338 7
50.19308 10
50.21278 11
50.23247 8
50.25217 9
50.27186 10
50.29156 10
50.31125 12
50.33095 12
50.35064 10
50.37034 17
50.39003 11
50.40973 9
50.42942 9
50.44912 16
50.46881 20
50.48851 8
50.50820 11
50.52790 19
50.54760 11
50.56729 20
50.58699 16
50.60668 6
50.62638 13
50.64608 15
50.66577 7
50.68547 9
50.70516 15
50.72486 12
50.74455 15
50.76425 9
50.78394 18
50.80364 8
50.82333 17
50.84303 13
50.86272 17
50.88242 12
50.90211 12
50.92181 11
50.94150 10
50.96120 13
50.9809  18
51.00059 12
51.02029 18
51.03998 11
51.05968 11
51.07938 18
51.09907 14
51.11877 10
51.13846 11
51.15816 17
51.17785 8
51.19755 7
51.21724 6
51.23694 11
51.25663 10
51.27633 17
51.29602 10
51.31572 11
51.33541 11
51.35511 10
51.37480 14
51.39450 9
51.4142  8
51.43389 11
51.45359 13
51.47328 13
51.49298 9
51.51267 13
51.53237 14
51.55206 15
51.57176 14
51.59146 12
51.61115 10
51.63085 11
51.65054 9
51.67024 14
51.68993 7
51.70963 8
51.72932 9
51.74902 6
51.76871 14
51.78841 11
51.80810 12
51.82780 13
51.8475  12
51.86719 11
51.88689 14
51.90658 8
51.92628 13
51.94597 14
51.96567 12
51.98536 16
52.00506 10
52.02475 16
52.04445 13
52.06414 8
52.08384 7
52.10353 17
52.12323 16
52.14293 13
52.16262 7
52.18232 15
52.20201 10
52.22171 11
52.24140 10
52.26110 10
52.2808  14
52.30049 21
52.32019 11
52.33988 14
52.35958 12
52.37927 20
52.39897 13
52.41866 12
52.43836 20
52.45805 15
52.47775 16
52.49744 12
52.51714 12
52.53683 11
52.55653 11
52.57622 14
52.59592 11
52.61562 14
52.63531 8
52.65501 8
52.67470 9
52.69440 11
52.7141  14
52.73379 13
52.75349 17
52.77318 11
52.79288 13
52.81257 17
52.83227 10
52.85196 9
52.87166 20
52.89135 12
52.91105 12
52.93074 19
52.95044 9
52.97013 13
52.98983 16
53.00952 13
53.02922 13
53.04892 8
53.06861 15
53.08831 11
53.10800 20
53.12770 15
53.14739 12
53.16709 12
53.18679 10
53.20648 10
53.22618 10
53.24587 14
53.26557 10
53.28526 13
53.30496 10
53.32465 10
53.34435 10
53.36404 14
53.38374 10
53.40343 15
53.42313 15
53.44282 8
53.46252 11
53.48222 17
53.50191 14
53.52161 11
53.54130 16
53.56100 18
53.58069 10
53.60039 15
53.62008 9
53.63978 6
53.65947 10
53.67917 16
53.69886 16
53.71856 13
53.73826 9
53.75795 9
53.77765 10
53.79734 15
53.81704 17
53.83673 12
53.85643 11
53.87612 16
53.89582 13
53.91552 12
53.93521 23
53.95491 8
53.97460 15
53.99430 14
54.01399 14
54.03369 14
54.05338 11
54.07308 11
54.09277 9
54.11247 17
54.13216 9
54.15186 6
54.17155 11
54.19125 5
54.21094 7
54.23064 7
54.25034 14
54.27003 7
54.28973 10
54.30942 12
54.32912 16
54.34882 11
54.36851 9
54.38821 12
54.40790 20
54.42760 16
54.44729 14
54.46699 17
54.48668 10
54.50638 5
54.52607 13
54.54577 13
54.56546 11
54.58516 10
54.60485 8
54.62455 11
54.64424 14
54.66394 11
54.68364 14
54.70333 8
54.72303 6
54.74272 14
54.76242 9
54.78212 15
54.80181 6
54.82151 15
54.84120 13
54.86090 12
54.88059 9
54.90029 17
54.91998 14
54.93968 9
54.95937 13
54.97907 17
54.99876 16
55.01846 8
55.03815 11
55.05785 14
55.07754 11
55.09724 17
55.11694 17
55.13663 7
55.15633 7
55.17602 11
55.19572 15
55.21541 19
55.23511 12
55.25480 14
55.27450 19
55.29419 16
55.31389 9
55.33359 12
55.35328 12
55.37298 8
55.39267 14
55.41237 11
55.43206 14
55.45176 13
55.47145 9
55.49115 19
55.51084 13
55.53054 10
55.55024 16
55.56993 16
55.58963 14
55.60932 11
55.62902 12
55.64871 15
55.66841 12
55.68810 8
55.70780 11
55.72749 11
55.74719 20
55.76688 9
55.78658 11
55.80627 11
55.82597 16
55.84567 11
55.86536 14
55.88506 15
55.90475 12
55.92445 14
55.94414 15
55.96384 10
55.98354 16
56.00323 11
56.02293 11
56.04262 10
56.06232 6
56.08201 12
56.10171 11
56.12140 12
56.14110 11
56.16079 6
56.18049 10
56.20018 11
56.21988 10
56.23957 11
56.25927 15
56.27896 22
56.29866 7
56.31835 12
56.33805 15
56.35775 7
56.37744 13
56.39714 14
56.41684 16
56.43653 9
56.45623 14
56.47592 11
56.49562 11
56.51531 14
56.53501 10
56.55470 12
56.57440 6
56.59409 17
56.61379 11
56.63348 14
56.65318 11
56.67287 13
56.69257 16
56.71226 14
56.73196 14
56.75165 9
56.77135 14
56.79105 11
56.81074 13
56.83044 15
56.85013 21
56.86983 8
56.88953 11
56.90922 15
56.92892 13
56.94861 13
56.96831 10
56.98800 15
57.00770 9
57.02739 15
57.04709 7
57.06678 12
57.08648 5
57.10617 21
57.12587 13
57.14556 15
57.16526 11
57.18495 11
57.20465 12
57.22435 7
57.24404 12
57.26374 11
57.28343 14
57.30313 14
57.32282 13
57.34252 10
57.36221 17
57.38191 12
57.40160 19
57.42130 18
57.44100 18
57.46069 18
57.48039 11
57.50008 20
57.51978 14
57.53947 14
57.55917 11
57.57886 16
57.59856 4
57.61825 3
57.63795 11
57.65765 12
57.67734 6
57.69704 10
57.71673 14
57.73643 18
57.75612 14
57.77582 17
57.79551 18
57.81521 16
57.83490 11
57.85460 14
57.87429 8
57.89399 16
57.91368 20
57.93338 11
57.95308 11
57.97277 26
57.99247 13
58.01216 19
58.03186 12
58.05155 18
58.07125 11
58.09095 13
58.11064 17
58.13034 19
58.15003 16
58.16973 19
58.18942 15
58.20912 18
58.22881 20
58.24851 6
58.26820 23
58.28790 9
58.30759 14
58.32729 16
58.34698 15
58.36668 15
58.38637 7
58.40607 14
58.42577 18
58.44546 16
58.46516 21
58.48485 21
58.50455 21
58.52425 27
58.54394 21
58.56364 21
58.58333 16
58.60303 18
58.62272 12
58.64242 19
58.66211 21
58.68181 26
58.70150 23
58.72120 10
58.74089 21
58.76059 24
58.78028 22
58.79998 30
58.81967 19
58.83937 18
58.85907 20
58.87876 22
58.89846 18
58.91815 20
58.93785 16
58.95754 18
58.97724 18
58.99693 14
59.01663 21
59.03633 19
59.05602 23
59.07572 20
59.09541 22
59.11511 20
59.13480 14
59.15450 26
59.17419 20
59.19389 27
59.21358 18
59.23328 24
59.25297 16
59.27267 14
59.29237 20
59.31206 19
59.33176 16
59.35145 16
59.37115 21
59.39084 19
59.41054 19
59.43023 18
59.44993 7
59.46962 17
59.48932 18
59.50901 15
59.52871 17
59.54841 13
59.56810 20
59.58780 18
59.60749 13
59.62719 19
59.64688 12
59.66658 15
59.68627 15
59.70597 24
59.72567 16
59.74536 10
59.76506 11
59.78475 17
59.80445 20
59.82414 14
59.84384 17
59.86353 12
59.88323 15
59.90292 22
59.92262 17
59.94231 10
59.96201 11
59.98170 14
60.00140 13
