Commander Sample ID
20.0     13
20.01969 16
20.03939 18
20.05908 11
20.07878 8
20.09847 16
20.11817 12
20.13786 19
20.15756 21
20.17725 14
20.19695 21
20.21665 18
20.23634 18
20.25604 19
20.27573 17
20.29543 15
20.31512 15
20.33482 12
20.35451 16
20.37421 17
20.39390 20
20.41360 14
20.4333  13
20.45299 17
20.47269 16
20.49238 15
20.51208 19
20.53177 13
20.55147 25
20.57116 13
20.59086 15
20.61055 19
20.63025 10
20.64994 18
20.66964 15
20.68934 17
20.70903 19
20.72873 13
20.74842 13
20.76812 21
20.78781 19
20.80751 13
20.82720 23
20.84690 20
20.86659 12
20.88629 26
20.90598 14
20.92568 18
20.94538 10
20.96507 18
20.98477 24
21.00446 18
21.02416 20
21.04385 20
21.06355 15
21.08324 17
21.10294 18
21.12263 16
21.14233 18
21.16202 15
21.18172 20
21.20142 18
21.22111 12
21.24081 15
21.26050 14
21.28020 15
21.29989 25
21.31959 15
21.33928 16
21.35898 15
21.37867 13
21.39837 17
21.41807 12
21.43776 14
21.45746 17
21.47715 12
21.49685 13
21.51654 19
21.53624 14
21.55593 9
21.57563 9
21.59532 15
21.61502 17
21.63472 12
21.65441 13
21.67411 8
21.69380 14
21.71350 13
21.73319 10
21.75289 14
21.77258 12
21.79228 15
21.81197 19
21.83167 9
21.85137 14
21.87106 18
21.89076 10
21.91045 20
21.93015 16
21.94984 18
21.96954 15
21.98923 11
22.00893 11
22.02862 10
22.04832 18
22.06802 11
22.08771 14
22.10741 11
22.12710 12
22.14680 14
22.16649 11
22.18619 13
22.20588 15
22.22558 14
22.24527 19
22.26497 18
22.28467 8
22.30436 14
22.32406 14
22.34375 12
22.36345 16
22.38314 9
22.40284 15
22.42253 17
22.44223 15
22.46192 21
22.48162 13
22.50131 15
22.52101 14
22.54071 16
22.56040 13
22.58010 14
22.59979 21
22.61949 11
22.63918 14
22.65888 17
22.67857 11
22.69827 10
22.71796 22
22.73766 15
22.75735 12
22.77705 15
22.79675 24
22.81644 25
22.83614 13
22.85583 21
22.87553 16
22.89522 12
22.91492 19
22.93461 9
22.95431 13
22.97400 10
22.99370 13
23.01339 17
23.03309 14
23.05279 14
23.07248 14
23.09218 17
23.11187 9
23.13157 13
23.15126 10
23.17096 14
23.19065 15
23.21035 11
23.23004 14
23.24974 15
23.26944 20
23.28913 13
23.30883 14
23.32852 12
23.34822 14
23.36791 26
23.38761 14
23.40730 10
23.42700 12
23.44669 14
23.46639 18
23.48609 13
23.50578 10
23.52548 12
23.54517 18
23.56487 14
23.58456 17
23.60426 14
23.62395 7
23.64365 14
23.66334 10
23.68304 8
23.70274 13
23.72243 15
23.74213 10
23.76182 17
23.78152 11
23.80121 14
23.82091 16
23.84060 12
23.86030 18
23.87999 19
23.89969 10
23.91939 18
23.93908 7
23.95878 13
23.97847 6
23.99817 18
24.01786 15
24.03756 7
24.05725 10
24.07695 14
24.09664 12
24.11634 15
24.13604 13
24.15573 10
24.17543 14
24.19512 11
24.21482 13
24.23451 13
24.25421 17
24.27390 19
24.29360 13
24.31329 16
24.33299 20
24.35268 13
24.37238 15
24.39208 12
24.41177 16
24.43147 19
24.45116 7
24.47086 15
24.49055 8
24.51025 18
24.52994 12
24.54964 10
24.56933 17
24.58903 14
24.60872 18
24.62842 16
24.64812 17
24.66781 18
24.68751 16
24.70720 14
24.72690 11
24.74659 22
24.76629 19
24.78598 10
24.80568 23
24.82537 12
24.84507 12
24.86476 21
24.88446 21
24.90416 11
24.92385 13
24.94355 10
24.96324 12
24.98294 18
25.00263 14
25.02233 13
25.04202 10
25.06172 10
25.08141 14
25.10111 8
25.12081 8
25.14050 9
25.1602  14
25.17989 15
25.19959 16
25.21928 19
25.23898 13
25.25867 11
25.27837 5
25.29806 7
25.31776 12
25.33746 11
25.35715 10
25.37685 17
25.39654 16
25.41624 14
25.43593 15
25.45563 14
25.47532 7
25.49502 16
25.51471 11
25.53441 16
25.55411 20
25.57380 9
25.5935  20
25.61319 8
25.63289 13
25.65258 9
25.67228 12
25.69197 16
25.71167 15
25.73136 16
25.75106 9
25.77076 12
25.79045 8
25.81015 19
25.82984 16
25.84954 9
25.86923 8
25.88893 8
25.90862 16
25.92832 17
25.94801 11
25.96771 14
25.98741 20
26.00710 17
26.0268  14
26.04649 11
26.06619 12
26.08588 5
26.10558 12
26.12527 8
26.14497 18
26.16466 19
26.18436 9
26.20405 8
26.22375 15
26.24345 16
26.26314 14
26.28284 8
26.30253 11
26.32223 12
26.34192 11
26.36162 14
26.38131 16
26.40101 14
26.42070 15
26.44040 15
26.46009 11
26.47979 16
26.49948 12
26.51918 12
26.53888 13
26.55857 9
26.57827 15
26.59796 17
26.61766 9
26.63735 12
26.65705 5
26.67674 12
26.69644 18
26.71613 21
26.73583 13
26.75552 17
26.77522 10
26.79492 17
26.81461 10
26.83431 16
26.85400 12
26.87370 13
26.89339 10
26.91309 11
26.93278 14
26.95248 15
26.97217 11
26.99187 15
27.01157 11
27.03126 12
27.05096 15
27.07065 12
27.09035 17
27.11004 16
27.12974 18
27.14943 11
27.16913 12
27.18882 10
27.20852 10
27.22822 12
27.24791 18
27.26761 13
27.28730 15
27.30700 9
27.32669 8
27.34639 18
27.36608 16
27.38578 12
27.40547 18
27.42517 20
27.44487 10
27.46456 18
27.48426 13
27.50395 11
27.52365 15
27.54334 17
27.56304 17
27.58273 10
27.60243 22
27.62212 16
27.64182 19
27.66152 15
27.68121 11
27.70091 14
27.72060 14
27.74030 8
27.75999 12
27.77969 12
27.79938 13
27.81908 14
27.83877 20
27.85847 9
27.87817 17
27.89786 10
27.91756 13
27.93725 17
27.95695 10
27.97664 17
27.99634 12
28.01603 14
28.03573 14
28.05542 11
28.07512 7
28.09482 9
28.11451 10
28.13421 17
28.15390 8
28.17360 18
28.19329 18
28.21299 15
28.23268 18
28.25238 9
28.27207 12
28.29177 16
28.31146 20
28.33116 11
28.35085 13
28.37055 13
28.39025 12
28.40994 11
28.42964 21
28.44933 14
28.46903 13
28.48872 10
28.50842 15
28.52811 16
28.54781 15
28.56750 25
28.58720 14
28.60689 13
28.62659 18
28.64629 12
28.66598 19
28.68568 17
28.70537 16
28.72507 11
28.74476 19
28.76446 9
28.78415 18
28.80385 10
28.82354 10
28.84324 7
28.86294 14
28.88263 12
28.90233 13
28.92202 7
28.94172 10
28.96141 8
28.98111 18
29.00080 11
29.02050 12
29.04019 8
29.05989 13
29.07959 18
29.09928 7
29.11898 9
29.13867 19
29.15837 12
29.17806 12
29.19776 14
29.21745 14
29.23715 13
29.25684 14
29.27654 8
29.29624 11
29.31593 7
29.33563 16
29.35532 11
29.37502 9
29.39471 17
29.41441 7
29.43410 18
29.45380 13
29.47349 20
29.49319 14
29.51289 11
29.53258 12
29.55228 16
29.57197 16
29.59167 17
29.61136 16
29.63106 17
29.65075 15
29.67045 8
29.69014 12
29.70984 13
29.72954 12
29.74923 10
29.76893 19
29.78862 9
29.80832 28
29.82801 22
29.84771 11
29.86740 9
29.88710 12
29.90679 10
29.92649 13
29.94618 12
29.96588 12
29.98558 19
30.00527 9
30.02497 15
30.04466 13
30.06436 10
30.08405 9
30.10375 13
30.12344 10
30.14314 15
30.16283 12
30.18253 12
30.20222 15
30.22192 14
30.24162 17
30.26131 10
30.28101 15
30.30070 16
30.32040 12
30.34009 15
30.35979 21
30.37948 14
30.39918 9
30.41887 14
30.43857 15
30.45826 19
30.47796 10
30.49766 12
30.51735 14
30.53705 14
30.55674 10
30.57644 11
30.59613 21
30.61583 10
30.63552 16
30.65522 12
30.67491 13
30.69461 14
30.71431 15
30.73400 12
30.75370 13
30.77339 13
30.79309 18
30.81278 14
30.83248 14
30.85217 15
30.87187 13
30.89156 8
30.91126 9
30.93096 10
30.95065 17
30.97035 12
30.99004 11
31.00974 13
31.02943 8
31.04913 16
31.06882 16
31.08852 8
31.10821 17
31.12791 8
31.14761 14
31.16730 14
31.187   20
31.20669 11
31.22639 10
31.24608 16
31.26578 16
31.28547 9
31.30517 14
31.32486 13
31.34456 10
31.36426 16
31.38395 18
31.40365 19
31.42334 24
31.44304 16
31.46273 23
31.48243 21
31.50212 9
31.52182 14
31.54151 12
31.56121 11
31.58091 16
31.60060 17
31.6203  20
31.63999 8
31.65969 13
31.67938 12
31.69908 18
31.71877 12
31.73847 15
31.75816 11
31.77786 19
31.79755 13
31.81725 10
31.83695 14
31.85664 19
31.87634 22
31.89603 21
31.91573 13
31.93542 15
31.95512 18
31.97481 18
31.99451 15
32.01421 15
32.03390 12
32.0536  13
32.07329 14
32.09299 19
32.11268 14
32.13238 19
32.15207 12
32.17177 14
32.19146 18
32.21116 23
32.23085 12
32.25055 24
32.27024 17
32.28994 17
32.30963 14
32.32933 17
32.34903 15
32.36872 15
32.38842 13
32.40811 14
32.42781 13
32.44750 19
32.46720 19
32.4869  16
32.50659 9
32.52629 15
32.54598 21
32.56568 9
32.58537 16
32.60507 20
32.62476 18
32.64446 19
32.66415 15
32.68385 27
32.70354 19
32.72324 18
32.74293 15
32.76263 17
32.78233 20
32.80202 12
32.82172 13
32.84141 13
32.86111 17
32.88080 16
32.90050 17
32.92019 18
32.93989 21
32.95958 18
32.97928 20
32.99897 18
33.01867 15
33.03837 17
33.05806 19
33.07776 21
33.09745 17
33.11715 19
33.13684 16
33.15654 18
33.17623 22
33.19593 18
33.21563 22
33.23532 21
33.25502 23
33.27471 13
33.29441 25
33.31410 17
33.33380 19
33.35349 16
33.37319 21
33.39288 23
33.41258 22
33.43227 17
33.45197 21
33.47166 17
33.49136 21
33.51105 27
33.53075 25
33.55045 31
33.57014 28
33.58984 22
33.60953 20
33.62923 25
33.64893 21
33.66862 22
33.68832 26
33.70801 19
33.72771 16
33.74740 27
33.76710 21
33.78679 20
33.80649 25
33.82618 21
33.84588 25
33.86557 27
33.88527 26
33.90496 20
33.92466 24
33.94435 21
33.96405 31
33.98374 28
34.00344 23
34.02314 24
34.04283 25
34.06253 29
34.08223 25
34.10192 28
34.12162 22
34.14131 24
34.16101 27
34.18070 29
34.20040 27
34.22009 22
34.23979 28
34.25948 25
34.27918 31
34.29887 29
34.31857 27
34.33826 32
34.35796 24
34.37765 42
34.39735 44
34.41704 32
34.43674 38
34.45644 37
34.47613 28
34.49583 41
34.51552 42
34.53522 33
34.55491 33
34.57461 39
34.59430 29
34.61400 52
34.63370 34
34.65339 43
34.67309 37
34.69278 40
34.71248 41
34.73217 35
34.75187 45
34.77156 49
34.79126 55
34.81095 48
34.83065 60
34.85034 42
34.87004 40
34.88974 45
34.90943 41
34.92913 29
34.94882 60
34.96852 44
34.98821 55
35.00791 59
35.02760 49
35.04730 52
35.06699 57
35.08669 55
35.10638 58
35.12608 48
35.14578 63
35.16547 67
35.18517 46
35.20486 55
35.22456 60
35.24425 60
35.26395 66
35.28364 65
35.30334 64
35.32304 71
35.34273 74
35.36243 63
35.38212 72
35.40182 64
35.42151 79
35.44121 67
35.46090 68
35.48060 74
35.50029 71
35.51999 73
35.53968 83
35.55938 79
35.57907 73
35.59877 70
35.61846 84
35.63816 77
35.65786 93
35.67755 75
35.69725 62
35.71694 88
35.73664 79
35.75634 89
35.77603 86
35.79573 84
35.81542 83
35.83512 85
35.85481 88
35.87451 67
35.89420 85
35.91390 66
35.93359 83
35.95329 61
35.97298 91
35.99268 83
36.01237 74
36.03207 68
36.05176 77
36.07146 66
36.09116 88
36.11085 67
36.13055 72
36.15024 73
36.16994 73
36.18964 78
36.20933 85
36.22903 77
36.24872 85
36.26842 86
36.28811 66
36.30781 55
36.32750 58
36.34720 73
36.36689 62
36.38659 68
36.40628 79
36.42598 78
36.44567 50
36.46537 54
36.48506 56
36.50476 54
36.52446 56
36.54415 51
36.56385 62
36.58354 55
36.60324 59
36.62293 64
36.64263 49
36.66232 69
36.68202 59
36.70171 60
36.72141 49
36.74111 60
36.76080 70
36.78050 58
36.80019 54
36.81989 55
36.83958 46
36.85928 36
36.87897 41
36.89867 59
36.91836 52
36.93806 58
36.95776 46
36.97745 55
36.99715 56
37.01684 44
37.03654 50
37.05623 48
37.07593 47
37.09562 51
37.11532 48
37.13501 53
37.15471 53
37.17440 47
37.19410 50
37.21379 41
37.23349 44
37.25319 52
37.27288 46
37.29258 41
37.31227 47
37.33197 49
37.35166 52
37.37136 45
37.39106 46
37.41075 51
37.43045 53
37.45014 45
37.46984 39
37.48953 42
37.50923 50
37.52892 55
37.54862 54
37.56831 43
37.58801 45
37.60770 55
37.62740 54
37.64709 52
37.66679 58
37.68648 76
37.70618 59
37.72588 50
37.74557 52
37.76527 48
37.78496 31
37.80466 46
37.82436 39
37.84405 43
37.86375 63
37.88344 56
37.90314 39
37.92283 54
37.94253 51
37.96222 62
37.98192 50
38.00161 84
38.02131 52
38.04100 46
38.06070 50
38.08039 62
38.10009 52
38.11978 65
38.13948 63
38.15918 60
38.17887 61
38.19857 64
38.21826 66
38.23796 61
38.25765 59
38.27735 47
38.29704 69
38.31674 63
38.33644 59
38.35613 62
38.37583 61
38.39552 64
38.41522 58
38.43491 69
38.45461 78
38.47430 64
38.49400 68
38.51369 77
38.53339 68
38.55308 63
38.57278 88
38.59248 71
38.61217 66
38.63187 99
38.65156 89
38.67126 56
38.69095 93
38.71065 86
38.73034 99
38.75004 79
38.76973 90
38.78943 92
38.80912 110
38.82882 109
38.84852 107
38.86821 118
38.88791 118
38.90760 125
38.92730 140
38.94699 133
38.96669 156
38.98638 174
39.00608 168
39.02578 190
39.04547 182
39.06517 227
39.08486 246
39.10456 298
39.12425 275
39.14395 257
39.16364 301
39.18334 280
39.20303 310
39.22273 353
39.24242 360
39.26212 347
39.28181 369
39.30151 385
39.32120 417
39.34090 396
39.3606  409
39.38029 396
39.39999 408
39.41968 461
39.43938 459
39.45908 495
39.47877 459
39.49847 506
39.51816 473
39.53786 549
39.55755 563
39.57725 540
39.59694 560
39.61664 577
39.63633 618
39.65603 616
39.67572 672
39.69542 641
39.71511 720
39.73481 768
39.75450 764
39.77420 822
39.7939  831
39.81359 886
39.83329 973
39.85298 966
39.87268 1115
39.89237 1199
39.91207 1272
39.93177 1404
39.95146 1460
39.97116 1606
39.99085 1713
40.01055 1915
40.03024 2147
40.04994 2378
40.06963 2691
40.08933 3003
40.10902 3309
40.12872 3764
40.14841 4483
40.16811 4950
40.18780 5726
40.20750 6760
40.2272  7716
40.24689 9275
40.26659 10824
40.28628 12838
40.30598 15097
40.32567 17898
40.34537 21267
40.36506 25099
40.38476 29894
40.40445 35256
40.42415 42008
40.44385 48966
40.46354 55217
40.48324 61574
40.50293 66483
40.52263 69253
40.54232 70825
40.56202 69796
40.58171 68151
40.60141 64713
40.62110 60593
40.64080 55861
40.6605  50394
40.68019 44796
40.69989 39669
40.71958 34349
40.73928 30052
40.75897 25729
40.77867 22476
40.79836 19824
40.81806 16918
40.83775 14971
40.85745 13065
40.87714 11611
40.89684 9933
40.91653 8635
40.93623 7713
40.95592 6845
40.97562 6024
40.99532 5159
41.01501 4637
41.03471 4171
41.05440 3718
41.07410 3388
41.0938  3207
41.11349 2778
41.13319 2364
41.15288 2206
41.17258 2109
41.19227 1816
41.21197 1650
41.23166 1534
41.25136 1434
41.27105 1325
41.29075 1190
41.31044 1132
41.33014 1047
41.34983 973
41.36953 1003
41.38922 887
41.40892 853
41.42861 764
41.44831 785
41.46801 674
41.48770 705
41.50740 691
41.5271  658
41.54679 569
41.56649 578
41.58618 587
41.60588 568
41.62557 507
41.64527 526
41.66496 515
41.68466 481
41.70435 434
41.72405 440
41.74374 427
41.76344 452
41.78313 423
41.80283 394
41.82252 397
41.84222 395
41.86191 332
41.88161 376
41.90131 360
41.92100 363
41.94070 384
41.96039 343
41.98009 352
41.99978 305
42.01948 315
42.03918 286
42.05887 321
42.07857 280
42.09826 284
42.11796 262
42.13765 278
42.15735 277
42.17704 283
42.19674 268
42.21643 234
42.23613 234
42.25582 222
42.27552 234
42.29521 227
42.31491 236
42.33461 216
42.35430 209
42.37400 205
42.39369 213
42.41339 207
42.43308 195
42.45278 188
42.47247 173
42.49217 190
42.51186 177
42.53156 172
42.55125 187
42.57095 174
42.59065 164
42.61034 165
42.63004 140
42.64973 153
42.66943 165
42.68912 152
42.70882 142
42.72851 130
42.74821 148
42.76791 121
42.78760 124
42.80730 137
42.82699 133
42.84669 126
42.86638 113
42.88608 125
42.90577 124
42.92547 114
42.94516 96
42.96486 104
42.98455 99
43.00425 108
43.02394 123
43.04364 92
43.06333 115
43.08303 97
43.10273 110
43.12242 86
43.14212 76
43.16181 90
43.18151 85
43.20121 96
43.22090 86
43.24060 73
43.26029 62
43.27999 76
43.29968 67
43.31938 63
43.33907 70
43.35877 73
43.37846 65
43.39816 65
43.41785 52
43.43755 61
43.45724 58
43.47694 64
43.49663 56
43.51633 56
43.53603 55
43.55572 54
43.57542 54
43.59511 53
43.61481 50
43.63451 44
43.65420 54
43.67390 50
43.69359 48
43.71329 52
43.73298 41
43.75268 36
43.77237 34
43.79207 50
43.81176 46
43.83146 34
43.85115 51
43.87085 31
43.89054 30
43.91024 34
43.92993 33
43.94963 26
43.96933 34
43.98902 42
44.00872 37
44.02841 34
44.04811 42
44.06780 41
44.08750 33
44.10719 40
44.12689 52
44.14658 29
44.16628 23
44.18598 31
44.20567 25
44.22537 28
44.24506 17
44.26476 24
44.28445 26
44.30415 24
44.32384 25
44.34354 24
44.36323 27
44.38293 26
44.40263 34
44.42232 16
44.44202 21
44.46171 26
44.48141 17
44.50110 34
44.52080 35
44.54049 30
44.56019 25
44.57988 17
44.59958 13
44.61927 18
44.63897 26
44.65866 22
44.67836 15
44.69806 18
44.71775 22
44.73745 21
44.75714 11
44.77684 21
44.79653 14
44.81623 18
44.83593 17
44.85562 16
44.87532 19
44.89501 20
44.91471 30
44.93440 19
44.95410 24
44.97379 10
44.99349 21
45.01318 16
45.03288 19
45.05257 19
45.07227 19
45.09196 23
45.11166 21
45.13135 20
45.15105 12
45.17075 16
45.19044 15
45.21014 17
45.22983 11
45.24953 17
45.26923 12
45.28892 16
45.30862 14
45.32831 12
45.34801 19
45.36770 26
45.38740 13
45.40709 17
45.42679 14
45.44648 17
45.46618 13
45.48587 12
45.50557 18
45.52526 13
45.54496 16
45.56465 18
45.58435 16
45.60405 10
45.62374 11
45.64344 11
45.66313 16
45.68283 14
45.70252 10
45.72222 20
45.74192 21
45.76161 11
45.78131 26
45.80100 10
45.82070 13
45.84039 8
45.86009 12
45.87978 16
45.89948 10
45.91917 15
45.93887 11
45.95856 14
45.97826 10
45.99795 11
46.01765 12
46.03735 15
46.05704 20
46.07674 25
46.09643 8
46.11613 15
46.13582 16
46.15552 11
46.17521 13
46.19491 14
46.21460 15
46.23430 14
46.25399 18
46.27369 13
46.29339 14
46.31308 14
46.33278 13
46.35247 8
46.37217 10
46.39186 14
46.41156 13
46.43125 15
46.45095 10
46.47065 15
46.49034 20
46.51004 14
46.52973 13
46.54943 10
46.56912 19
46.58882 10
46.60851 5
46.62821 8
46.64790 13
46.66760 13
46.68729 6
46.70699 15
46.72668 12
46.74638 12
46.76607 6
46.78577 11
46.80547 10
46.82516 16
46.84486 12
46.86455 12
46.88425 11
46.90395 10
46.92364 13
46.94334 14
46.96303 11
46.98273 13
47.00242 13
47.02212 14
47.04181 16
47.06151 13
47.08120 10
47.10090 16
47.12059 16
47.14029 14
47.15998 6
47.17968 10
47.19937 11
47.21907 11
47.23877 6
47.25846 9
47.27816 15
47.29785 10
47.31755 17
47.33725 15
47.35694 14
47.37664 17
47.39633 14
47.41603 14
47.43572 12
47.45542 13
47.47511 13
47.49481 20
47.51450 13
47.53420 9
47.55389 10
47.57359 20
47.59328 12
47.61298 14
47.63267 11
47.65237 13
47.67207 9
47.69176 10
47.71146 17
47.73115 12
47.75085 14
47.77054 11
47.79024 6
47.80993 14
47.82963 14
47.84932 16
47.86902 18
47.88872 9
47.90841 19
47.92811 17
47.94780 8
47.96750 19
47.98719 11
48.00689 12
48.02658 12
48.04628 18
48.06597 9
48.08567 9
48.10537 10
48.12506 11
48.14476 12
48.16445 11
48.18415 18
48.20384 11
48.22354 10
48.24323 11
48.26293 11
48.28262 15
48.30232 18
48.32201 13
48.34171 14
48.36140 9
48.38110 13
48.40080 13
48.42049 10
48.44019 8
48.45988 8
48.47958 10
48.49927 10
48.51897 17
48.53867 8
48.55836 14
48.57806 13
48.59775 12
48.61745 13
48.63714 15
48.65684 19
48.67653 10
48.69623 11
48.71592 10
48.73562 12
48.75531 7
48.77501 18
48.79470 11
48.81440 8
48.83409 11
48.85379 14
48.87348 12
48.89318 11
48.91288 14
48.93257 13
48.95227 15
48.97197 16
48.99166 9
49.01136 12
49.03105 13
49.05075 14
49.07044 14
49.09014 13
49.10983 11
49.12953 14
49.14922 18
49.16892 11
49.18861 8
49.20831 11
49.22800 13
49.24770 13
49.26739 9
49.28709 8
49.30678 12
49.32648 17
49.34618 8
49.36587 10
49.38557 10
49.40526 12
49.42496 11
49.44465 9
49.46435 17
49.48405 19
49.50374 19
49.52344 12
49.54313 10
49.56283 11
49.58252 15
49.60222 13
49.62191 13
49.64161 12
49.66130 10
49.68100 14
49.70069 11
49.72039 14
49.74008 9
49.75978 15
49.77948 9
49.79917 15
49.81887 16
49.83856 5
49.85826 8
49.87795 9
49.89765 8
49.91734 7
49.93704 12
49.95673 13
49.97643 11
49.99613 11
50.01582 6
50.03552 13
50.05521 9
50.07491 13
50.09460 8
50.11430 15
50.13399 12
50.15369 14
50.17338 20
50.19308 11
50.21278 12
50.23247 10
50.25217 13
50.27186 9
50.29156 14
50.31125 14
50.33095 11
50.35064 22
50.37034 10
50.39003 16
50.40973 5
50.42942 17
50.44912 15
50.46881 12
50.48851 17
50.50820 12
50.52790 6
50.54760 14
50.56729 7
50.58699 12
50.60668 14
50.62638 16
50.64608 16
50.66577 13
50.68547 17
50.70516 12
50.72486 6
50.74455 8
50.76425 8
50.78394 9
50.80364 11
50.82333 10
50.84303 8
50.86272 16
50.88242 12
50.90211 11
50.92181 5
50.94150 5
50.96120 11
50.9809  8
51.00059 11
51.02029 12
51.03998 7
51.05968 14
51.07938 7
51.09907 13
51.11877 18
51.13846 5
51.15816 12
51.17785 7
51.19755 7
51.21724 6
51.23694 19
51.25663 14
51.27633 18
51.29602 8
51.31572 11
51.33541 13
51.35511 16
51.37480 16
51.39450 13
51.4142  11
51.43389 13
51.45359 15
51.47328 10
51.49298 6
51.51267 11
51.53237 17
51.55206 11
51.57176 14
51.59146 13
51.61115 18
51.63085 9
51.65054 13
51.67024 17
51.68993 18
51.70963 14
51.72932 14
51.74902 15
51.76871 6
51.78841 11
51.80810 14
51.82780 10
51.8475  8
51.86719 9
51.88689 6
51.90658 12
51.92628 16
51.94597 8
51.96567 17
51.98536 15
52.00506 15
52.02475 9
52.04445 20
52.06414 15
52.08384 9
52.10353 9
52.12323 7
52.14293 19
52.16262 9
52.18232 6
52.20201 8
52.22171 15
52.24140 11
52.26110 6
52.2808  9
52.30049 20
52.32019 11
52.33988 6
52.35958 17
52.37927 10
52.39897 9
52.41866 9
52.43836 10
52.45805 11
52.47775 14
52.49744 11
52.51714 3
52.53683 18
52.55653 10
52.57622 8
52.59592 18
52.61562 17
52.63531 8
52.65501 10
52.67470 10
52.69440 10
52.7141  13
52.73379 17
52.75349 11
52.77318 9
52.79288 18
52.81257 13
52.83227 15
52.85196 12
52.87166 10
52.89135 11
52.91105 9
52.93074 13
52.95044 9
52.97013 7
52.98983 14
53.00952 16
53.02922 17
53.04892 11
53.06861 8
53.08831 11
53.10800 9
53.12770 13
53.14739 13
53.16709 10
53.18679 13
53.20648 14
53.22618 10
53.24587 17
53.26557 16
53.28526 11
53.30496 16
53.32465 14
53.34435 9
53.36404 9
53.38374 11
53.40343 8
53.42313 11
53.44282 16
53.46252 19
53.48222 18
53.50191 15
53.52161 11
53.54130 18
53.56100 8
53.58069 19
53.60039 13
53.62008 9
53.63978 11
53.65947 13
53.67917 12
53.69886 15
53.71856 10
53.73826 17
53.75795 15
53.77765 9
53.79734 19
53.81704 14
53.83673 14
53.85643 6
53.87612 13
53.89582 8
53.91552 14
53.93521 11
53.95491 13
53.97460 6
53.99430 9
54.01399 6
54.03369 14
54.05338 11
54.07308 11
54.09277 15
54.11247 8
54.13216 11
54.15186 11
54.17155 10
54.19125 9
54.21094 10
54.23064 11
54.25034 13
54.27003 8
54.28973 19
54.30942 9
54.32912 6
54.34882 11
54.36851 9
54.38821 3
54.40790 12
54.42760 12
54.44729 17
54.46699 12
54.48668 10
54.50638 12
54.52607 11
54.54577 7
54.56546 9
54.58516 10
54.60485 13
54.62455 8
54.64424 12
54.66394 13
54.68364 16
54.70333 10
54.72303 7
54.74272 10
54.76242 10
54.78212 19
54.80181 11
54.82151 7
54.84120 11
54.86090 16
54.88059 8
54.90029 12
54.91998 11
54.93968 12
54.95937 10
54.97907 10
54.99876 11
55.01846 11
55.03815 10
55.05785 10
55.07754 11
55.09724 15
55.11694 6
55.13663 10
55.15633 13
55.17602 9
55.19572 12
55.21541 15
55.23511 18
55.25480 5
55.27450 20
55.29419 7
55.31389 12
55.33359 14
55.35328 13
55.37298 15
55.39267 10
55.41237 12
55.43206 9
55.45176 9
55.47145 13
55.49115 10
55.51084 16
55.53054 12
55.55024 12
55.56993 9
55.58963 11
55.60932 8
55.62902 16
55.64871 13
55.66841 14
55.68810 9
55.70780 12
55.72749 17
55.74719 17
55.76688 14
55.78658 17
55.80627 11
55.82597 17
55.84567 15
55.86536 8
55.88506 13
55.90475 18
55.92445 9
55.94414 15
55.96384 15
55.98354 10
56.00323 17
56.02293 15
56.04262 15
56.06232 12
56.08201 13
56.10171 12
56.12140 12
56.14110 9
56.16079 14
56.18049 13
56.20018 11
56.21988 11
56.23957 20
56.25927 11
56.27896 13
56.29866 10
56.31835 13
56.33805 6
56.35775 13
56.37744 13
56.39714 7
56.41684 14
56.43653 13
56.45623 6
56.47592 15
56.49562 12
56.51531 10
56.53501 9
56.55470 13
56.57440 8
56.59409 9
56.61379 19
56.63348 17
56.65318 11
56.67287 4
56.69257 14
56.71226 10
56.73196 23
56.75165 14
56.77135 8
56.79105 10
56.81074 16
56.83044 12
56.85013 11
56.86983 11
56.88953 11
56.90922 18
56.92892 22
56.94861 19
56.96831 12
56.98800 7
57.00770 19
57.02739 14
57.04709 7
57.06678 14
57.08648 7
57.10617 11
57.12587 16
57.14556 9
57.16526 15
57.18495 16
57.20465 11
57.22435 8
57.24404 13
57.26374 11
57.28343 11
57.30313 17
57.32282 9
57.34252 17
57.36221 11
57.38191 15
57.40160 13
57.42130 17
57.44100 15
57.46069 11
57.48039 10
57.50008 10
57.51978 11
57.53947 16
57.55917 13
57.57886 13
57.59856 14
57.61825 15
57.63795 11
57.65765 15
57.67734 14
57.69704 13
57.71673 12
57.73643 25
57.75612 13
57.77582 12
57.79551 10
57.81521 13
57.83490 11
57.85460 13
57.87429 12
57.89399 13
57.91368 13
57.93338 19
57.95308 12
57.97277 8
57.99247 16
58.01216 12
58.03186 14
58.05155 16
58.07125 18
58.09095 10
58.11064 12
58.13034 10
58.15003 20
58.16973 18
58.18942 12
58.20912 15
58.22881 10
58.24851 18
58.26820 23
58.28790 15
58.30759 12
58.32729 15
58.34698 14
58.36668 10
58.38637 9
58.40607 8
58.42577 19
58.44546 16
58.46516 15
58.48485 19
58.50455 17
58.52425 15
58.54394 22
58.56364 22
58.58333 24
58.60303 19
58.62272 18
58.64242 16
58.66211 28
58.68181 25
58.70150 22
58.72120 18
58.74089 17
58.76059 30
58.78028 21
58.79998 23
58.81967 13
58.83937 23
58.85907 23
58.87876 22
58.89846 16
58.91815 16
58.93785 14
58.95754 23
58.97724 21
58.99693 18
59.01663 13
59.03633 17
59.05602 17
59.07572 20
59.09541 15
59.11511 14
59.13480 15
59.15450 18
59.17419 15
59.19389 17
59.21358 19
59.23328 25
59.25297 17
59.27267 13
59.29237 14
59.31206 15
59.33176 12
59.35145 14
59.37115 23
59.39084 21
59.41054 16
59.43023 14
59.44993 16
59.46962 16
59.48932 20
59.50901 17
59.52871 11
59.54841 14
59.56810 12
59.58780 10
59.60749 20
59.62719 23
59.64688 18
59.66658 9
59.68627 17
59.70597 11
59.72567 13
59.74536 16
59.76506 14
59.78475 17
59.80445 13
59.82414 17
59.84384 15
59.86353 15
59.88323 16
59.90292 14
59.92262 15
59.94231 11
59.96201 21
59.98170 5
60.00140 14
