10.00837 0.00000
10.02170 0.00000
10.03503 0.00000
10.04836 0.00000
10.06169 0.00000
10.07502 0.00000
10.08835 0.00000
10.10168 0.00000
10.11501 0.00000
10.12834 0.00000
10.14167 0.00000
10.15500 0.00000
10.16833 0.00000
10.18166 0.00000
10.19499 0.00000
10.20832 0.00000
10.22165 0.00000
10.23498 0.00000
10.24831 0.00000
10.26164 0.00000
10.27497 0.00000
10.28830 0.00000
10.30163 0.00000
10.31496 0.00000
10.32829 0.00000
10.34162 0.00000
10.35495 0.00000
10.36828 0.00000
10.38161 0.00000
10.39494 0.00000
10.40827 0.00000
10.42160 0.00000
10.43493 0.00000
10.44826 0.00000
10.46159 0.00000
10.47492 0.00000
10.48825 0.00000
10.50158 0.00000
10.51491 0.00000
10.52824 0.00000
10.54157 0.00000
10.55490 0.00000
10.56823 0.00000
10.58156 0.00000
10.59489 0.00000
10.60822 0.00000
10.62155 0.00000
10.63488 0.00000
10.64821 0.00000
10.66154 0.00000
10.67487 0.00000
10.68820 0.00000
10.70153 0.00000
10.71486 0.00000
10.72818 0.00000
10.74151 0.00000
10.75484 0.00000
10.76817 0.00000
10.78150 0.00000
10.79483 0.00000
10.80816 0.00000
10.82149 0.00000
10.83482 0.00000
10.84815 0.00000
10.86148 0.00000
10.87481 0.00000
10.88814 0.00000
10.90147 0.00000
10.91480 0.00000
10.92813 0.00000
10.94146 0.00000
10.95479 0.00000
10.96812 0.00000
10.98145 0.00000
10.99478 0.00000
11.00811 0.00000
11.02144 0.00000
11.03477 0.00000
11.04810 0.00000
11.06143 0.00000
11.07476 0.00000
11.08809 0.00000
11.10142 0.00000
11.11475 0.00000
11.12808 0.00000
11.14141 0.00000
11.15474 0.00000
11.16807 0.00000
11.18140 0.00000
11.19473 0.00000
11.20806 0.00000
11.22139 0.00000
11.23472 0.00000
11.24805 0.00000
11.26138 0.00000
11.27471 0.00000
11.28804 0.00000
11.30137 0.00000
11.31470 0.00000
11.32803 0.00000
11.34136 0.00000
11.35469 0.00000
11.36802 0.00000
11.38135 0.00000
11.39468 0.00000
11.40801 0.00000
11.42134 0.00000
11.43467 0.00000
11.44800 0.00000
11.46133 0.00000
11.47466 0.00000
11.48799 0.00000
11.50132 0.00000
11.51465 0.00000
11.52798 0.00000
11.54131 0.00000
11.55464 0.00000
11.56797 0.00000
11.58130 0.00000
11.59463 0.00000
11.60796 0.00000
11.62129 0.00000
11.63462 0.00000
11.64795 0.00000
11.66128 0.00000
11.67461 0.00000
11.68794 0.00000
11.70127 0.00000
11.71460 0.00000
11.72793 0.00000
11.74126 0.00000
11.75459 0.00000
11.76792 0.00000
11.78125 0.00000
11.79458 0.00000
11.80791 0.00000
11.82124 0.00000
11.83457 0.00000
11.84790 0.00000
11.86123 0.00000
11.87456 0.00000
11.88789 0.00000
11.90122 0.00000
11.91455 0.00000
11.92788 0.00000
11.94121 0.00000
11.95454 0.00000
11.96787 0.00000
11.98120 0.00000
11.99453 0.00000
12.00786 0.00000
12.02119 0.00000
12.03452 0.00000
12.04785 0.00000
12.06118 0.00000
12.07451 0.00000
12.08784 0.00000
12.10117 0.00000
12.11450 0.00000
12.12783 0.00000
12.14116 0.00000
12.15448 0.00000
12.16781 0.00000
12.18114 0.00000
12.19447 0.00000
12.20780 0.00000
12.22113 0.00000
12.23446 0.00000
12.24779 0.00000
12.26112 0.00000
12.27445 0.00000
12.28778 0.00000
12.30111 0.00000
12.31444 0.00001
12.32777 0.00003
12.34110 0.00009
12.35443 0.00028
12.36776 0.00080
12.38109 0.00208
12.39442 0.00491
12.40775 0.01050
12.42108 0.02036
12.43441 0.03575
12.44774 0.05690
12.46107 0.08206
12.47440 0.10724
12.48773 0.12699
12.50106 0.13627
12.51439 0.13251
12.52772 0.11676
12.54105 0.09323
12.55438 0.06746
12.56771 0.04423
12.58104 0.02628
12.59437 0.01415
12.60770 0.00690
12.62103 0.00305
12.63436 0.00122
12.64769 0.00044
12.66102 0.00015
12.67435 0.00004
12.68768 0.00001
12.70101 0.00000
12.71434 0.00000
12.72767 0.00000
12.74100 0.00000
12.75433 0.00000
12.76766 0.00000
12.78099 0.00000
12.79432 0.00000
12.80765 0.00000
12.82098 0.00000
12.83431 0.00000
12.84764 0.00000
12.86097 0.00000
12.87430 0.00000
12.88763 0.00000
12.90096 0.00000
12.91429 0.00000
12.92762 0.00000
12.94095 0.00000
12.95428 0.00000
12.96761 0.00000
12.98094 0.00000
12.99427 0.00000
13.00760 0.00000
13.02093 0.00000
13.03426 0.00000
13.04759 0.00000
13.06092 0.00000
13.07425 0.00000
13.08758 0.00000
13.10091 0.00000
13.11424 0.00000
13.12757 0.00000
13.14090 0.00000
13.15423 0.00000
13.16756 0.00000
13.18089 0.00000
13.19422 0.00000
13.20755 0.00000
13.22088 0.00000
13.23421 0.00000
13.24754 0.00000
13.26087 0.00000
13.27420 0.00000
13.28753 0.00000
13.30086 0.00000
13.31419 0.00000
13.32752 0.00000
13.34085 0.00000
13.35418 0.00000
13.36751 0.00000
13.38084 0.00000
13.39417 0.00000
13.40750 0.00000
13.42083 0.00000
13.43416 0.00000
13.44749 0.00000
13.46082 0.00000
13.47415 0.00000
13.48748 0.00000
13.50081 0.00000
13.51414 0.00000
13.52747 0.00000
13.54080 0.00000
13.55413 0.00000
13.56746 0.00000
13.58078 0.00000
13.59411 0.00000
13.60744 0.00000
13.62077 0.00000
13.63410 0.00000
13.64743 0.00000
13.66076 0.00000
13.67409 0.00000
13.68742 0.00000
13.70075 0.00000
13.71408 0.00000
13.72741 0.00000
13.74074 0.00000
13.75407 0.00000
13.76740 0.00000
13.78073 0.00000
13.79406 0.00000
13.80739 0.00000
13.82072 0.00000
13.83405 0.00000
13.84738 0.00000
13.86071 0.00000
13.87404 0.00000
13.88737 0.00000
13.90070 0.00000
13.91403 0.00000
13.92736 0.00000
13.94069 0.00000
13.95402 0.00000
13.96735 0.00000
13.98068 0.00000
13.99401 0.00000
14.00734 0.00000
14.02067 0.00000
14.03400 0.00000
14.04733 0.00000
14.06066 0.00000
14.07399 0.00000
14.08732 0.00000
14.10065 0.00000
14.11398 0.00000
14.12731 0.00000
14.14064 0.00000
14.15397 0.00000
14.16730 0.00000
14.18063 0.00000
14.19396 0.00000
14.20729 0.00000
14.22062 0.00000
14.23395 0.00000
14.24728 0.00000
14.26061 0.00000
14.27394 0.00000
14.28727 0.00000
14.30060 0.00000
14.31393 0.00000
14.32726 0.00000
14.34059 0.00000
14.35392 0.00000
14.36725 0.00000
14.38058 0.00000
14.39391 0.00000
14.40724 0.00000
14.42057 0.00000
14.43390 0.00000
14.44723 0.00000
14.46056 0.00000
14.47389 0.00000
14.48722 0.00000
14.50055 0.00000
14.51388 0.00000
14.52721 0.00000
14.54054 0.00000
14.55387 0.00000
14.56720 0.00000
14.58053 0.00000
14.59386 0.00000
14.60719 0.00000
14.62052 0.00000
14.63385 0.00000
14.64718 0.00000
14.66051 0.00000
14.67384 0.00000
14.68717 0.00000
14.70050 0.00000
14.71383 0.00000
14.72716 0.00000
14.74049 0.00000
14.75382 0.00000
14.76715 0.00000
14.78048 0.00000
14.79381 0.00000
14.80714 0.00000
14.82047 0.00000
14.83380 0.00000
14.84713 0.00000
14.86046 0.00000
14.87379 0.00000
14.88712 0.00000
14.90045 0.00000
14.91378 0.00000
14.92711 0.00000
14.94044 0.00000
14.95377 0.00000
14.96710 0.00000
14.98043 0.00000
14.99376 0.00000
15.00709 0.00000
15.02041 0.00000
15.03374 0.00000
15.04707 0.00000
15.06040 0.00000
15.07373 0.00000
15.08706 0.00000
15.10039 0.00000
15.11372 0.00000
15.12705 0.00000
15.14038 0.00000
15.15371 0.00000
15.16704 0.00000
15.18037 0.00000
15.19370 0.00000
15.20703 0.00000
15.22036 0.00000
15.23369 0.00000
15.24702 0.00000
15.26035 0.00000
15.27368 0.00000
15.28701 0.00000
15.30034 0.00000
15.31367 0.00000
15.32700 0.00000
15.34033 0.00000
15.35366 0.00000
15.36699 0.00000
15.38032 0.00000
15.39365 0.00000
15.40698 0.00000
15.42031 0.00000
15.43364 0.00000
15.44697 0.00000
15.46030 0.00000
15.47363 0.00000
15.48696 0.00000
15.50029 0.00000
15.51362 0.00000
15.52695 0.00000
15.54028 0.00000
15.55361 0.00000
15.56694 0.00000
15.58027 0.00000
15.59360 0.00000
15.60693 0.00000
15.62026 0.00000
15.63359 0.00000
15.64692 0.00000
15.66025 0.00000
15.67358 0.00000
15.68691 0.00000
15.70024 0.00000
15.71357 0.00000
15.72690 0.00000
15.74023 0.00000
15.75356 0.00000
15.76689 0.00000
15.78022 0.00000
15.79355 0.00000
15.80688 0.00000
15.82021 0.00000
15.83354 0.00000
15.84687 0.00000
15.86020 0.00000
15.87353 0.00000
15.88686 0.00000
15.90019 0.00000
15.91352 0.00000
15.92685 0.00000
15.94018 0.00000
15.95351 0.00000
15.96684 0.00000
15.98017 0.00000
15.99350 0.00000
16.00683 0.00000
16.02016 0.00000
16.03349 0.00000
16.04682 0.00000
16.06015 0.00000
16.07348 0.00000
16.08681 0.00000
16.10014 0.00000
16.11347 0.00000
16.12680 0.00000
16.14013 0.00000
16.15346 0.00000
16.16679 0.00000
16.18012 0.00000
16.19345 0.00000
16.20678 0.00000
16.22011 0.00000
16.23344 0.00000
16.24677 0.00000
16.26010 0.00000
16.27343 0.00000
16.28676 0.00000
16.30009 0.00000
16.31342 0.00000
16.32675 0.00000
16.34008 0.00000
16.35341 0.00000
16.36674 0.00000
16.38007 0.00000
16.39340 0.00000
16.40673 0.00000
16.42006 0.00000
16.43339 0.00000
16.44671 0.00000
16.46004 0.00000
16.47337 0.00000
16.48670 0.00000
16.50003 0.00000
16.51336 0.00000
16.52669 0.00000
16.54002 0.00000
16.55335 0.00000
16.56668 0.00000
16.58001 0.00000
16.59334 0.00000
16.60667 0.00000
16.62000 0.00000
16.63333 0.00000
16.64666 0.00000
16.65999 0.00000
16.67332 0.00000
16.68665 0.00000
16.69998 0.00000
16.71331 0.00000
16.72664 0.00000
16.73997 0.00000
16.75330 0.00000
16.76663 0.00000
16.77996 0.00000
16.79329 0.00000
16.80662 0.00000
16.81995 0.00000
16.83328 0.00000
16.84661 0.00000
16.85994 0.00000
16.87327 0.00000
16.88660 0.00000
16.89993 0.00000
16.91326 0.00000
16.92659 0.00000
16.93992 0.00000
16.95325 0.00000
16.96658 0.00000
16.97991 0.00000
16.99324 0.00000
17.00657 0.00000
17.01990 0.00000
17.03323 0.00000
17.04656 0.00000
17.05989 0.00000
17.07322 0.00000
17.08655 0.00000
17.09988 0.00000
17.11321 0.00000
17.12654 0.00000
17.13987 0.00000
17.15320 0.00000
17.16653 0.00000
17.17986 0.00000
17.19319 0.00000
17.20652 0.00000
17.21985 0.00000
17.23318 0.00000
17.24651 0.00000
17.25984 0.00000
17.27317 0.00000
17.28650 0.00000
17.29983 0.00000
17.31316 0.00000
17.32649 0.00000
17.33982 0.00000
17.35315 0.00000
17.36648 0.00000
17.37981 0.00000
17.39314 0.00000
17.40647 0.00000
17.41980 0.00000
17.43313 0.00000
17.44646 0.00000
17.45979 0.00000
17.47312 0.00000
17.48645 0.00000
17.49978 0.00000
17.51311 0.00000
17.52644 0.00000
17.53977 0.00000
17.55310 0.00000
17.56643 0.00000
17.57976 0.00000
17.59309 0.00000
17.60642 0.00000
17.61975 0.00000
17.63308 0.00000
17.64641 0.00000
17.65974 0.00000
17.67307 0.00000
17.68640 0.00000
17.69973 0.00000
17.71306 0.00000
17.72639 0.00000
17.73972 0.00000
17.75305 0.00000
17.76638 0.00000
17.77971 0.00000
17.79304 0.00000
17.80637 0.00000
17.81970 0.00000
17.83303 0.00000
17.84636 0.00000
17.85969 0.00000
17.87301 0.00000
17.88634 0.00000
17.89967 0.00000
17.91300 0.00000
17.92633 0.00000
17.93966 0.00000
17.95299 0.00000
17.96632 0.00000
17.97965 0.00000
17.99298 0.00000
18.00631 0.00000
18.01964 0.00000
18.03297 0.00000
18.04630 0.00000
18.05963 0.00000
18.07296 0.00000
18.08629 0.00000
18.09962 0.00000
18.11295 0.00000
18.12628 0.00000
18.13961 0.00000
18.15294 0.00000
18.16627 0.00000
18.17960 0.00000
18.19293 0.00000
18.20626 0.00000
18.21959 0.00000
18.23292 0.00000
18.24625 0.00000
18.25958 0.00000
18.27291 0.00000
18.28624 0.00000
18.29957 0.00000
18.31290 0.00000
18.32623 0.00000
18.33956 0.00000
18.35289 0.00000
18.36622 0.00000
18.37955 0.00000
18.39288 0.00000
18.40621 0.00000
18.41954 0.00000
18.43287 0.00000
18.44620 0.00000
18.45953 0.00000
18.47286 0.00000
18.48619 0.00000
18.49952 0.00000
18.51285 0.00000
18.52618 0.00000
18.53951 0.00000
18.55284 0.00000
18.56617 0.00000
18.57950 0.00000
18.59283 0.00000
18.60616 0.00000
18.61949 0.00000
18.63282 0.00000
18.64615 0.00000
18.65948 0.00000
18.67281 0.00000
18.68614 0.00000
18.69947 0.00000
18.71280 0.00000
18.72613 0.00000
18.73946 0.00000
18.75279 0.00000
18.76612 0.00000
18.77945 0.00000
18.79278 0.00000
18.80611 0.00000
18.81944 0.00000
18.83277 0.00000
18.84610 0.00000
18.85943 0.00000
18.87276 0.00000
18.88609 0.00000
18.89942 0.00000
18.91275 0.00000
18.92608 0.00000
18.93941 0.00000
18.95274 0.00000
18.96607 0.00000
18.97940 0.00000
18.99273 0.00000
19.00606 0.00000
19.01939 0.00000
19.03272 0.00000
19.04605 0.00000
19.05938 0.00000
19.07271 0.00000
19.08604 0.00000
19.09937 0.00000
19.11270 0.00000
19.12603 0.00000
19.13936 0.00000
19.15269 0.00000
19.16602 0.00000
19.17935 0.00000
19.19268 0.00000
19.20601 0.00000
19.21934 0.00000
19.23267 0.00000
19.24600 0.00000
19.25933 0.00000
19.27266 0.00000
19.28599 0.00000
19.29931 0.00000
19.31264 0.00000
19.32597 0.00000
19.33930 0.00000
19.35263 0.00000
19.36596 0.00000
19.37929 0.00000
19.39262 0.00000
19.40595 0.00000
19.41928 0.00000
19.43261 0.00000
19.44594 0.00000
19.45927 0.00000
19.47260 0.00000
19.48593 0.00000
19.49926 0.00000
19.51259 0.00000
19.52592 0.00000
19.53925 0.00000
19.55258 0.00000
19.56591 0.00000
19.57924 0.00000
19.59257 0.00000
19.60590 0.00000
19.61923 0.00000
19.63256 0.00000
19.64589 0.00000
19.65922 0.00000
19.67255 0.00000
19.68588 0.00000
19.69921 0.00000
19.71254 0.00000
19.72587 0.00000
19.73920 0.00000
19.75253 0.00000
19.76586 0.00000
19.77919 0.00000
19.79252 0.00000
19.80585 0.00000
19.81918 0.00000
19.83251 0.00000
19.84584 0.00000
19.85917 0.00000
19.87250 0.00000
19.88583 0.00000
19.89916 0.00000
19.91249 0.00000
19.92582 0.00000
19.93915 0.00000
19.95248 0.00000
19.96581 0.00000
19.97914 0.00000
19.99247 0.00000
20.00580 0.00000
20.01913 0.00000
20.03246 0.00000
20.04579 0.00000
20.05912 0.00000
20.07245 0.00000
20.08578 0.00000
20.09911 0.00000
20.11244 0.00000
20.12577 0.00000
20.13910 0.00000
20.15243 0.00000
20.16576 0.00000
20.17909 0.00000
20.19242 0.00000
20.20575 0.00000
20.21908 0.00000
20.23241 0.00000
20.24574 0.00000
20.25907 0.00000
20.27240 0.00000
20.28573 0.00000
20.29906 0.00000
20.31239 0.00000
20.32572 0.00000
20.33905 0.00000
20.35238 0.00000
20.36571 0.00000
20.37904 0.00000
20.39237 0.00000
20.40570 0.00000
20.41903 0.00000
20.43236 0.00000
20.44569 0.00000
20.45902 0.00000
20.47235 0.00000
20.48568 0.00000
20.49901 0.00000
20.51234 0.00000
20.52567 0.00000
20.53900 0.00000
20.55233 0.00000
20.56566 0.00000
20.57899 0.00000
20.59232 0.00000
20.60565 0.00000
20.61898 0.00000
20.63231 0.00000
20.64564 0.00000
20.65897 0.00000
20.67230 0.00000
20.68563 0.00000
20.69896 0.00000
20.71229 0.00000
20.72561 0.00000
20.73894 0.00000
20.75227 0.00000
20.76560 0.00000
20.77893 0.00000
20.79226 0.00000
20.80559 0.00000
20.81892 0.00000
20.83225 0.00000
20.84558 0.00000
20.85891 0.00000
20.87224 0.00000
20.88557 0.00000
20.89890 0.00000
20.91223 0.00000
20.92556 0.00000
20.93889 0.00000
20.95222 0.00000
20.96555 0.00000
20.97888 0.00000
20.99221 0.00000
21.00554 0.00000
21.01887 0.00000
21.03220 0.00000
21.04553 0.00000
21.05886 0.00000
21.07219 0.00000
21.08552 0.00000
21.09885 0.00000
21.11218 0.00000
21.12551 0.00000
21.13884 0.00000
21.15217 0.00000
21.16550 0.00000
21.17883 0.00000
21.19216 0.00000
21.20549 0.00000
21.21882 0.00000
21.23215 0.00000
21.24548 0.00000
21.25881 0.00000
21.27214 0.00000
21.28547 0.00000
21.29880 0.00000
21.31213 0.00000
21.32546 0.00000
21.33879 0.00000
21.35212 0.00000
21.36545 0.00000
21.37878 0.00000
21.39211 0.00000
21.40544 0.00000
21.41877 0.00000
21.43210 0.00000
21.44543 0.00000
21.45876 0.00000
21.47209 0.00000
21.48542 0.00000
21.49875 0.00000
21.51208 0.00000
21.52541 0.00000
21.53874 0.00000
21.55207 0.00000
21.56540 0.00000
21.57873 0.00000
21.59206 0.00000
21.60539 0.00000
21.61872 0.00000
21.63205 0.00000
21.64538 0.00000
21.65871 0.00000
21.67204 0.00000
21.68537 0.00000
21.69870 0.00000
21.71203 0.00000
21.72536 0.00000
21.73869 0.00000
21.75202 0.00000
21.76535 0.00000
21.77868 0.00000
21.79201 0.00000
21.80534 0.00000
21.81867 0.00000
21.83200 0.00000
21.84533 0.00000
21.85866 0.00000
21.87199 0.00000
21.88532 0.00000
21.89865 0.00000
21.91198 0.00000
21.92531 0.00000
21.93864 0.00000
21.95197 0.00000
21.96530 0.00000
21.97863 0.00000
21.99196 0.00000
22.00529 0.00000
22.01862 0.00000
22.03195 0.00000
22.04528 0.00000
22.05861 0.00000
22.07194 0.00000
22.08527 0.00000
22.09860 0.00000
22.11193 0.00000
22.12526 0.00000
22.13859 0.00000
22.15191 0.00000
22.16524 0.00000
22.17857 0.00000
22.19190 0.00000
22.20523 0.00000
22.21856 0.00000
22.23189 0.00000
22.24522 0.00000
22.25855 0.00000
22.27188 0.00000
22.28521 0.00000
22.29854 0.00000
22.31187 0.00000
22.32520 0.00000
22.33853 0.00000
22.35186 0.00000
22.36519 0.00000
22.37852 0.00000
22.39185 0.00000
22.40518 0.00000
22.41851 0.00000
22.43184 0.00000
22.44517 0.00000
22.45850 0.00000
22.47183 0.00000
22.48516 0.00000
22.49849 0.00000
22.51182 0.00000
22.52515 0.00000
22.53848 0.00000
22.55181 0.00000
22.56514 0.00000
22.57847 0.00000
22.59180 0.00000
22.60513 0.00000
22.61846 0.00000
22.63179 0.00000
22.64512 0.00000
22.65845 0.00000
22.67178 0.00000
22.68511 0.00000
22.69844 0.00000
22.71177 0.00000
22.72510 0.00000
22.73843 0.00000
22.75176 0.00000
22.76509 0.00000
22.77842 0.00000
22.79175 0.00000
22.80508 0.00000
22.81841 0.00000
22.83174 0.00000
22.84507 0.00000
22.85840 0.00000
22.87173 0.00000
22.88506 0.00000
22.89839 0.00000
22.91172 0.00000
22.92505 0.00000
22.93838 0.00000
22.95171 0.00000
22.96504 0.00000
22.97837 0.00000
22.99170 0.00000
23.00503 0.00000
23.01836 0.00000
23.03169 0.00000
23.04502 0.00000
23.05835 0.00000
23.07168 0.00000
23.08501 0.00000
23.09834 0.00000
23.11167 0.00000
23.12500 0.00000
23.13833 0.00000
23.15166 0.00000
23.16499 0.00000
23.17832 0.00000
23.19165 0.00000
23.20498 0.00000
23.21831 0.00000
23.23164 0.00000
23.24497 0.00000
23.25830 0.00000
23.27163 0.00000
23.28496 0.00000
23.29829 0.00000
23.31162 0.00000
23.32495 0.00000
23.33828 0.00000
23.35161 0.00000
23.36494 0.00000
23.37827 0.00000
23.39160 0.00000
23.40493 0.00000
23.41826 0.00000
23.43159 0.00000
23.44492 0.00000
23.45825 0.00000
23.47158 0.00000
23.48491 0.00000
23.49824 0.00000
23.51157 0.00000
23.52490 0.00000
23.53823 0.00000
23.55156 0.00000
23.56489 0.00000
23.57821 0.00000
23.59154 0.00000
23.60487 0.00000
23.61820 0.00000
23.63153 0.00000
23.64486 0.00000
23.65819 0.00000
23.67152 0.00000
23.68485 0.00000
23.69818 0.00000
23.71151 0.00000
23.72484 0.00000
23.73817 0.00000
23.75150 0.00000
23.76483 0.00000
23.77816 0.00000
23.79149 0.00000
23.80482 0.00000
23.81815 0.00000
23.83148 0.00000
23.84481 0.00000
23.85814 0.00000
23.87147 0.00000
23.88480 0.00000
23.89813 0.00000
23.91146 0.00000
23.92479 0.00000
23.93812 0.00000
23.95145 0.00000
23.96478 0.00000
23.97811 0.00000
23.99144 0.00000
24.00477 0.00000
24.01810 0.00000
24.03143 0.00000
24.04476 0.00000
24.05809 0.00000
24.07142 0.00000
24.08475 0.00000
24.09808 0.00000
24.11141 0.00000
24.12474 0.00000
24.13807 0.00000
24.15140 0.00000
24.16473 0.00000
24.17806 0.00000
24.19139 0.00000
24.20472 0.00000
24.21805 0.00000
24.23138 0.00000
24.24471 0.00000
24.25804 0.00000
24.27137 0.00000
24.28470 0.00000
24.29803 0.00000
24.31136 0.00000
24.32469 0.00000
24.33802 0.00000
24.35135 0.00000
24.36468 0.00000
24.37801 0.00000
24.39134 0.00000
24.40467 0.00000
24.41800 0.00000
24.43133 0.00000
24.44466 0.00000
24.45799 0.00000
24.47132 0.00000
24.48465 0.00000
24.49798 0.00000
24.51131 0.00000
24.52464 0.00000
24.53797 0.00000
24.55130 0.00000
24.56463 0.00000
24.57796 0.00000
24.59129 0.00000
24.60462 0.00000
24.61795 0.00000
24.63128 0.00000
24.64461 0.00000
24.65794 0.00000
24.67127 0.00000
24.68460 0.00000
24.69793 0.00000
24.71126 0.00000
24.72459 0.00000
24.73792 0.00000
24.75125 0.00000
24.76458 0.00000
24.77791 0.00000
24.79124 0.00000
24.80457 0.00000
24.81790 0.00000
24.83123 0.00000
24.84456 0.00000
24.85789 0.00000
24.87122 0.00000
24.88455 0.00000
24.89788 0.00000
24.91121 0.00000
24.92454 0.00000
24.93787 0.00000
24.95120 0.00000
24.96453 0.00001
24.97786 0.00003
24.99119 0.00009
25.00451 0.00031
25.01784 0.00092
25.03117 0.00250
25.04450 0.00617
25.05783 0.01379
25.07116 0.02793
25.08449 0.05125
25.09782 0.08522
25.11115 0.12840
25.12448 0.17531
25.13781 0.21689
25.15114 0.24316
25.16447 0.24704
25.17780 0.22742
25.19113 0.18972
25.20446 0.14342
25.21779 0.09824
25.23112 0.06098
25.24445 0.03430
25.25778 0.01748
25.27111 0.00808
25.28444 0.00338
25.29777 0.00128
25.31110 0.00044
25.32443 0.00014
25.33776 0.00004
25.35109 0.00001
25.36442 0.00000
25.37775 0.00000
25.39108 0.00000
25.40441 0.00000
25.41774 0.00000
25.43107 0.00000
25.44440 0.00000
25.45773 0.00000
25.47106 0.00000
25.48439 0.00000
25.49772 0.00000
25.51105 0.00000
25.52438 0.00000
25.53771 0.00000
25.55104 0.00000
25.56437 0.00000
25.57770 0.00000
25.59103 0.00000
25.60436 0.00000
25.61769 0.00000
25.63102 0.00000
25.64435 0.00000
25.65768 0.00000
25.67101 0.00000
25.68434 0.00000
25.69767 0.00000
25.71100 0.00000
25.72433 0.00000
25.73766 0.00000
25.75099 0.00000
25.76432 0.00000
25.77765 0.00000
25.79098 0.00000
25.80431 0.00000
25.81764 0.00000
25.83097 0.00000
25.84430 0.00000
25.85763 0.00000
25.87096 0.00000
25.88429 0.00000
25.89762 0.00000
25.91095 0.00000
25.92428 0.00000
25.93761 0.00000
25.95094 0.00000
25.96427 0.00000
25.97760 0.00000
25.99093 0.00000
26.00426 0.00000
26.01759 0.00000
26.03092 0.00000
26.04425 0.00000
26.05758 0.00000
26.07091 0.00000
26.08424 0.00000
26.09757 0.00000
26.11090 0.00000
26.12423 0.00000
26.13756 0.00000
26.15089 0.00000
26.16422 0.00000
26.17755 0.00000
26.19088 0.00000
26.20421 0.00000
26.21754 0.00000
26.23087 0.00000
26.24420 0.00000
26.25753 0.00000
26.27086 0.00000
26.28419 0.00000
26.29752 0.00000
26.31085 0.00000
26.32418 0.00000
26.33751 0.00000
26.35084 0.00000
26.36417 0.00000
26.37750 0.00000
26.39083 0.00000
26.40416 0.00000
26.41749 0.00000
26.43082 0.00000
26.44414 0.00000
26.45747 0.00000
26.47080 0.00000
26.48413 0.00000
26.49746 0.00000
26.51079 0.00000
26.52412 0.00000
26.53745 0.00000
26.55078 0.00000
26.56411 0.00000
26.57744 0.00000
26.59077 0.00000
26.60410 0.00000
26.61743 0.00000
26.63076 0.00000
26.64409 0.00000
26.65742 0.00000
26.67075 0.00000
26.68408 0.00000
26.69741 0.00000
26.71074 0.00000
26.72407 0.00000
26.73740 0.00000
26.75073 0.00000
26.76406 0.00000
26.77739 0.00000
26.79072 0.00000
26.80405 0.00000
26.81738 0.00000
26.83071 0.00000
26.84404 0.00000
26.85737 0.00000
26.87070 0.00000
26.88403 0.00000
26.89736 0.00000
26.91069 0.00001
26.92402 0.00005
26.93735 0.00016
26.95068 0.00049
26.96401 0.00132
26.97734 0.00326
26.99067 0.00726
27.00400 0.01466
27.01733 0.02682
27.03066 0.04447
27.04399 0.06681
27.05732 0.09096
27.07065 0.11222
27.08398 0.12545
27.09731 0.12709
27.11064 0.11667
27.12397 0.09705
27.13730 0.07316
27.15063 0.04997
27.16396 0.03093
27.17729 0.01735
27.19062 0.00882
27.20395 0.00406
27.21728 0.00170
27.23061 0.00064
27.24394 0.00022
27.25727 0.00007
27.27060 0.00002
27.28393 0.00000
27.29726 0.00000
27.31059 0.00000
27.32392 0.00000
27.33725 0.00000
27.35058 0.00000
27.36391 0.00000
27.37724 0.00000
27.39057 0.00000
27.40390 0.00000
27.41723 0.00000
27.43056 0.00000
27.44389 0.00000
27.45722 0.00000
27.47055 0.00000
27.48388 0.00000
27.49721 0.00000
27.51054 0.00000
27.52387 0.00000
27.53720 0.00000
27.55053 0.00000
27.56386 0.00000
27.57719 0.00000
27.59052 0.00000
27.60385 0.00000
27.61718 0.00000
27.63051 0.00000
27.64384 0.00000
27.65717 0.00000
27.67050 0.00000
27.68383 0.00000
27.69716 0.00000
27.71049 0.00000
27.72382 0.00000
27.73715 0.00000
27.75048 0.00000
27.76381 0.00000
27.77714 0.00000
27.79047 0.00000
27.80380 0.00000
27.81713 0.00000
27.83046 0.00000
27.84379 0.00000
27.85712 0.00000
27.87044 0.00000
27.88377 0.00000
27.89710 0.00000
27.91043 0.00000
27.92376 0.00000
27.93709 0.00000
27.95042 0.00000
27.96375 0.00000
27.97708 0.00000
27.99041 0.00000
28.00374 0.00000
28.01707 0.00000
28.03040 0.00000
28.04373 0.00000
28.05706 0.00000
28.07039 0.00000
28.08372 0.00000
28.09705 0.00000
28.11038 0.00000
28.12371 0.00000
28.13704 0.00000
28.15037 0.00000
28.16370 0.00000
28.17703 0.00000
28.19036 0.00000
28.20369 0.00000
28.21702 0.00000
28.23035 0.00000
28.24368 0.00000
28.25701 0.00000
28.27034 0.00000
28.28367 0.00000
28.29700 0.00000
28.31033 0.00000
28.32366 0.00000
28.33699 0.00000
28.35032 0.00000
28.36365 0.00000
28.37698 0.00000
28.39031 0.00000
28.40364 0.00000
28.41697 0.00000
28.43030 0.00000
28.44363 0.00000
28.45696 0.00000
28.47029 0.00000
28.48362 0.00000
28.49695 0.00000
28.51028 0.00000
28.52361 0.00000
28.53694 0.00000
28.55027 0.00000
28.56360 0.00000
28.57693 0.00000
28.59026 0.00000
28.60359 0.00000
28.61692 0.00000
28.63025 0.00000
28.64358 0.00000
28.65691 0.00000
28.67024 0.00000
28.68357 0.00000
28.69690 0.00000
28.71023 0.00000
28.72356 0.00000
28.73689 0.00000
28.75022 0.00000
28.76355 0.00000
28.77688 0.00000
28.79021 0.00000
28.80354 0.00000
28.81687 0.00000
28.83020 0.00000
28.84353 0.00000
28.85686 0.00000
28.87019 0.00000
28.88352 0.00000
28.89685 0.00000
28.91018 0.00000
28.92351 0.00000
28.93684 0.00000
28.95017 0.00000
28.96350 0.00000
28.97683 0.00000
28.99016 0.00000
29.00349 0.00000
29.01682 0.00000
29.03015 0.00000
29.04348 0.00000
29.05681 0.00000
29.07014 0.00000
29.08347 0.00000
29.09680 0.00000
29.11013 0.00000
29.12346 0.00000
29.13679 0.00000
29.15012 0.00000
29.16345 0.00000
29.17678 0.00000
29.19011 0.00000
29.20344 0.00000
29.21677 0.00000
29.23010 0.00000
29.24343 0.00000
29.25676 0.00000
29.27009 0.00000
29.28342 0.00000
29.29674 0.00000
29.31007 0.00000
29.32340 0.00000
29.33673 0.00000
29.35006 0.00000
29.36339 0.00000
29.37672 0.00000
29.39005 0.00000
29.40338 0.00000
29.41671 0.00000
29.43004 0.00000
29.44337 0.00000
29.45670 0.00000
29.47003 0.00000
29.48336 0.00000
29.49669 0.00000
29.51002 0.00000
29.52335 0.00000
29.53668 0.00000
29.55001 0.00000
29.56334 0.00000
29.57667 0.00000
29.59000 0.00000
29.60333 0.00000
29.61666 0.00000
29.62999 0.00000
29.64332 0.00000
29.65665 0.00000
29.66998 0.00000
29.68331 0.00000
29.69664 0.00000
29.70997 0.00000
29.72330 0.00000
29.73663 0.00001
29.74996 0.00005
29.76329 0.00019
29.77662 0.00065
29.78995 0.00206
29.80328 0.00592
29.81661 0.01540
29.82994 0.03631
29.84327 0.07759
29.85660 0.15023
29.86993 0.26360
29.88326 0.41912
29.89659 0.60387
29.90992 0.78841
29.92325 0.93277
29.93658 1.00000
29.94991 0.97149
29.96324 0.85523
29.97657 0.68224
29.98990 0.49317
30.00323 0.32305
30.01656 0.19176
30.02989 0.10314
30.04322 0.05027
30.05655 0.02220
30.06988 0.00889
30.08321 0.00322
30.09654 0.00106
30.10987 0.00032
30.12320 0.00009
30.13653 0.00002
30.14986 0.00000
30.16319 0.00000
30.17652 0.00000
30.18985 0.00000
30.20318 0.00000
30.21651 0.00000
30.22984 0.00000
30.24317 0.00000
30.25650 0.00000
30.26983 0.00000
30.28316 0.00000
30.29649 0.00000
30.30982 0.00000
30.32315 0.00000
30.33648 0.00000
30.34981 0.00000
30.36314 0.00000
30.37647 0.00000
30.38980 0.00000
30.40313 0.00000
30.41646 0.00000
30.42979 0.00000
30.44312 0.00000
30.45645 0.00000
30.46978 0.00000
30.48311 0.00000
30.49644 0.00000
30.50977 0.00000
30.52310 0.00000
30.53643 0.00000
30.54976 0.00000
30.56309 0.00000
30.57642 0.00000
30.58975 0.00000
30.60308 0.00000
30.61641 0.00000
30.62974 0.00000
30.64307 0.00000
30.65640 0.00000
30.66973 0.00000
30.68306 0.00000
30.69639 0.00000
30.70972 0.00000
30.72304 0.00000
30.73637 0.00000
30.74970 0.00000
30.76303 0.00000
30.77636 0.00000
30.78969 0.00000
30.80302 0.00000
30.81635 0.00000
30.82968 0.00000
30.84301 0.00000
30.85634 0.00000
30.86967 0.00000
30.88300 0.00000
30.89633 0.00000
30.90966 0.00000
30.92299 0.00000
30.93632 0.00000
30.94965 0.00000
30.96298 0.00000
30.97631 0.00000
30.98964 0.00000
31.00297 0.00000
31.01630 0.00000
31.02963 0.00000
31.04296 0.00000
31.05629 0.00000
31.06962 0.00000
31.08295 0.00000
31.09628 0.00000
31.10961 0.00000
31.12294 0.00000
31.13627 0.00000
31.14960 0.00000
31.16293 0.00000
31.17626 0.00000
31.18959 0.00000
31.20292 0.00000
31.21625 0.00000
31.22958 0.00000
31.24291 0.00000
31.25624 0.00000
31.26957 0.00000
31.28290 0.00000
31.29623 0.00000
31.30956 0.00000
31.32289 0.00000
31.33622 0.00000
31.34955 0.00000
31.36288 0.00000
31.37621 0.00000
31.38954 0.00000
31.40287 0.00000
31.41620 0.00000
31.42953 0.00000
31.44286 0.00000
31.45619 0.00000
31.46952 0.00000
31.48285 0.00000
31.49618 0.00000
31.50951 0.00000
31.52284 0.00000
31.53617 0.00000
31.54950 0.00000
31.56283 0.00000
31.57616 0.00000
31.58949 0.00000
31.60282 0.00000
31.61615 0.00000
31.62948 0.00000
31.64281 0.00000
31.65614 0.00000
31.66947 0.00000
31.68280 0.00000
31.69613 0.00000
31.70946 0.00000
31.72279 0.00000
31.73612 0.00000
31.74945 0.00000
31.76278 0.00000
31.77611 0.00000
31.78944 0.00000
31.80277 0.00000
31.81610 0.00000
31.82943 0.00000
31.84276 0.00000
31.85609 0.00000
31.86942 0.00000
31.88275 0.00000
31.89608 0.00000
31.90941 0.00000
31.92274 0.00000
31.93607 0.00000
31.94940 0.00000
31.96273 0.00000
31.97606 0.00000
31.98939 0.00000
32.00272 0.00000
32.01605 0.00000
32.02938 0.00000
32.04271 0.00000
32.05604 0.00000
32.06937 0.00000
32.08270 0.00000
32.09603 0.00000
32.10936 0.00000
32.12269 0.00000
32.13602 0.00000
32.14934 0.00000
32.16267 0.00000
32.17600 0.00000
32.18933 0.00000
32.20266 0.00000
32.21599 0.00000
32.22932 0.00000
32.24265 0.00000
32.25598 0.00000
32.26931 0.00000
32.28264 0.00000
32.29597 0.00000
32.30930 0.00000
32.32263 0.00000
32.33596 0.00000
32.34929 0.00000
32.36262 0.00000
32.37595 0.00000
32.38928 0.00000
32.40261 0.00000
32.41594 0.00000
32.42927 0.00000
32.44260 0.00000
32.45593 0.00000
32.46926 0.00000
32.48259 0.00000
32.49592 0.00000
32.50925 0.00000
32.52258 0.00000
32.53591 0.00000
32.54924 0.00000
32.56257 0.00000
32.57590 0.00000
32.58923 0.00000
32.60256 0.00000
32.61589 0.00000
32.62922 0.00000
32.64255 0.00000
32.65588 0.00000
32.66921 0.00000
32.68254 0.00000
32.69587 0.00000
32.70920 0.00000
32.72253 0.00000
32.73586 0.00000
32.74919 0.00000
32.76252 0.00000
32.77585 0.00000
32.78918 0.00000
32.80251 0.00000
32.81584 0.00000
32.82917 0.00000
32.84250 0.00000
32.85583 0.00000
32.86916 0.00000
32.88249 0.00000
32.89582 0.00000
32.90915 0.00000
32.92248 0.00000
32.93581 0.00000
32.94914 0.00000
32.96247 0.00000
32.97580 0.00000
32.98913 0.00000
33.00246 0.00000
33.01579 0.00000
33.02912 0.00000
33.04245 0.00000
33.05578 0.00000
33.06911 0.00000
33.08244 0.00000
33.09577 0.00000
33.10910 0.00000
33.12243 0.00000
33.13576 0.00000
33.14909 0.00000
33.16242 0.00000
33.17575 0.00000
33.18908 0.00000
33.20241 0.00000
33.21574 0.00000
33.22907 0.00000
33.24240 0.00000
33.25573 0.00000
33.26906 0.00000
33.28239 0.00000
33.29572 0.00000
33.30905 0.00000
33.32238 0.00000
33.33571 0.00000
33.34904 0.00000
33.36237 0.00000
33.37570 0.00000
33.38903 0.00000
33.40236 0.00000
33.41569 0.00000
33.42902 0.00000
33.44235 0.00000
33.45568 0.00000
33.46901 0.00000
33.48234 0.00000
33.49567 0.00000
33.50900 0.00000
33.52233 0.00000
33.53566 0.00000
33.54899 0.00000
33.56232 0.00000
33.57564 0.00000
33.58897 0.00000
33.60230 0.00000
33.61563 0.00000
33.62896 0.00000
33.64229 0.00000
33.65562 0.00000
33.66895 0.00000
33.68228 0.00000
33.69561 0.00000
33.70894 0.00000
33.72227 0.00000
33.73560 0.00000
33.74893 0.00000
33.76226 0.00000
33.77559 0.00000
33.78892 0.00000
33.80225 0.00000
33.81558 0.00000
33.82891 0.00000
33.84224 0.00000
33.85557 0.00000
33.86890 0.00000
33.88223 0.00000
33.89556 0.00000
33.90889 0.00000
33.92222 0.00000
33.93555 0.00000
33.94888 0.00000
33.96221 0.00000
33.97554 0.00000
33.98887 0.00000
34.00220 0.00000
34.01553 0.00000
34.02886 0.00000
34.04219 0.00000
34.05552 0.00000
34.06885 0.00000
34.08218 0.00000
34.09551 0.00000
34.10884 0.00000
34.12217 0.00000
34.13550 0.00000
34.14883 0.00000
34.16216 0.00000
34.17549 0.00000
34.18882 0.00000
34.20215 0.00000
34.21548 0.00000
34.22881 0.00000
34.24214 0.00000
34.25547 0.00000
34.26880 0.00000
34.28213 0.00000
34.29546 0.00000
34.30879 0.00000
34.32212 0.00000
34.33545 0.00000
34.34878 0.00000
34.36211 0.00000
34.37544 0.00000
34.38877 0.00000
34.40210 0.00000
34.41543 0.00000
34.42876 0.00000
34.44209 0.00000
34.45542 0.00000
34.46875 0.00000
34.48208 0.00000
34.49541 0.00000
34.50874 0.00000
34.52207 0.00000
34.53540 0.00000
34.54873 0.00000
34.56206 0.00000
34.57539 0.00000
34.58872 0.00000
34.60205 0.00000
34.61538 0.00000
34.62871 0.00000
34.64204 0.00000
34.65537 0.00000
34.66870 0.00000
34.68203 0.00000
34.69536 0.00000
34.70869 0.00000
34.72202 0.00000
34.73535 0.00000
34.74868 0.00000
34.76201 0.00000
34.77534 0.00000
34.78867 0.00000
34.80200 0.00000
34.81533 0.00000
34.82866 0.00000
34.84199 0.00000
34.85532 0.00000
34.86865 0.00000
34.88198 0.00000
34.89531 0.00000
34.90864 0.00000
34.92197 0.00000
34.93530 0.00000
34.94863 0.00000
34.96196 0.00000
34.97529 0.00000
34.98862 0.00000
35.00194 0.00000
35.01527 0.00000
35.02860 0.00000
35.04193 0.00000
35.05526 0.00000
35.06859 0.00000
35.08192 0.00000
35.09525 0.00000
35.10858 0.00000
35.12191 0.00000
35.13524 0.00000
35.14857 0.00000
35.16190 0.00000
35.17523 0.00000
35.18856 0.00000
35.20189 0.00000
35.21522 0.00000
35.22855 0.00000
35.24188 0.00000
35.25521 0.00000
35.26854 0.00000
35.28187 0.00000
35.29520 0.00000
35.30853 0.00000
35.32186 0.00000
35.33519 0.00000
35.34852 0.00000
35.36185 0.00000
35.37518 0.00000
35.38851 0.00000
35.40184 0.00000
35.41517 0.00000
35.42850 0.00000
35.44183 0.00000
35.45516 0.00000
35.46849 0.00000
35.48182 0.00000
35.49515 0.00000
35.50848 0.00000
35.52181 0.00000
35.53514 0.00000
35.54847 0.00000
35.56180 0.00000
35.57513 0.00000
35.58846 0.00000
35.60179 0.00000
35.61512 0.00000
35.62845 0.00000
35.64178 0.00000
35.65511 0.00000
35.66844 0.00000
35.68177 0.00000
35.69510 0.00000
35.70843 0.00000
35.72176 0.00000
35.73509 0.00000
35.74842 0.00000
35.76175 0.00000
35.77508 0.00000
35.78841 0.00000
35.80174 0.00000
35.81507 0.00000
35.82840 0.00000
35.84173 0.00000
35.85506 0.00000
35.86839 0.00000
35.88172 0.00000
35.89505 0.00000
35.90838 0.00000
35.92171 0.00000
35.93504 0.00000
35.94837 0.00000
35.96170 0.00000
35.97503 0.00000
35.98836 0.00000
36.00169 0.00000
36.01502 0.00000
36.02835 0.00000
36.04168 0.00000
36.05501 0.00000
36.06834 0.00000
36.08167 0.00000
36.09500 0.00000
36.10833 0.00000
36.12166 0.00000
36.13499 0.00000
36.14832 0.00000
36.16165 0.00000
36.17498 0.00000
36.18831 0.00000
36.20164 0.00000
36.21497 0.00000
36.22830 0.00000
36.24163 0.00000
36.25496 0.00000
36.26829 0.00000
36.28162 0.00000
36.29495 0.00000
36.30828 0.00000
36.32161 0.00000
36.33494 0.00000
36.34827 0.00000
36.36160 0.00000
36.37493 0.00000
36.38826 0.00000
36.40159 0.00000
36.41492 0.00000
36.42825 0.00000
36.44157 0.00000
36.45490 0.00000
36.46823 0.00000
36.48156 0.00000
36.49489 0.00000
36.50822 0.00000
36.52155 0.00000
36.53488 0.00000
36.54821 0.00000
36.56154 0.00000
36.57487 0.00000
36.58820 0.00000
36.60153 0.00000
36.61486 0.00000
36.62819 0.00000
36.64152 0.00000
36.65485 0.00000
36.66818 0.00000
36.68151 0.00000
36.69484 0.00000
36.70817 0.00000
36.72150 0.00000
36.73483 0.00000
36.74816 0.00000
36.76149 0.00000
36.77482 0.00000
36.78815 0.00000
36.80148 0.00000
36.81481 0.00000
36.82814 0.00000
36.84147 0.00000
36.85480 0.00000
36.86813 0.00000
36.88146 0.00000
36.89479 0.00000
36.90812 0.00000
36.92145 0.00000
36.93478 0.00000
36.94811 0.00000
36.96144 0.00000
36.97477 0.00000
36.98810 0.00000
37.00143 0.00000
37.01476 0.00000
37.02809 0.00000
37.04142 0.00000
37.05475 0.00000
37.06808 0.00000
37.08141 0.00000
37.09474 0.00000
37.10807 0.00001
37.12140 0.00002
37.13473 0.00008
37.14806 0.00028
37.16139 0.00086
37.17472 0.00241
37.18805 0.00611
37.20138 0.01402
37.21471 0.02917
37.22804 0.05500
37.24137 0.09397
37.25470 0.14547
37.26803 0.20408
37.28136 0.25944
37.29469 0.29887
37.30802 0.31198
37.32135 0.29512
37.33468 0.25297
37.34801 0.19649
37.36134 0.13830
37.37467 0.08821
37.38800 0.05098
37.40133 0.02670
37.41466 0.01267
37.42799 0.00545
37.44132 0.00212
37.45465 0.00075
37.46798 0.00024
37.48131 0.00007
37.49464 0.00002
37.50797 0.00000
37.52130 0.00000
37.53463 0.00000
37.54796 0.00000
37.56129 0.00000
37.57462 0.00000
37.58795 0.00000
37.60128 0.00000
37.61461 0.00000
37.62794 0.00000
37.64127 0.00000
37.65460 0.00000
37.66793 0.00000
37.68126 0.00000
37.69459 0.00000
37.70792 0.00000
37.72125 0.00000
37.73458 0.00000
37.74791 0.00000
37.76124 0.00000
37.77457 0.00000
37.78790 0.00000
37.80123 0.00000
37.81456 0.00000
37.82789 0.00000
37.84122 0.00000
37.85455 0.00000
37.86787 0.00000
37.88120 0.00000
37.89453 0.00000
37.90786 0.00000
37.92119 0.00000
37.93452 0.00000
37.94785 0.00000
37.96118 0.00000
37.97451 0.00001
37.98784 0.00002
38.00117 0.00007
38.01450 0.00017
38.02783 0.00041
38.04116 0.00087
38.05449 0.00169
38.06782 0.00298
38.08115 0.00475
38.09448 0.00686
38.10781 0.00898
38.12114 0.01065
38.13447 0.01145
38.14780 0.01115
38.16113 0.00984
38.17446 0.00787
38.18779 0.00571
38.20112 0.00375
38.21445 0.00223
38.22778 0.00120
38.24111 0.00059
38.25444 0.00026
38.26777 0.00010
38.28110 0.00004
38.29443 0.00001
38.30776 0.00000
38.32109 0.00000
38.33442 0.00000
38.34775 0.00000
38.36108 0.00000
38.37441 0.00000
38.38774 0.00000
38.40107 0.00000
38.41440 0.00000
38.42773 0.00000
38.44106 0.00000
38.45439 0.00000
38.46772 0.00000
38.48105 0.00000
38.49438 0.00000
38.50771 0.00000
38.52104 0.00000
38.53437 0.00000
38.54770 0.00000
38.56103 0.00000
38.57436 0.00000
38.58769 0.00000
38.60102 0.00000
38.61435 0.00000
38.62768 0.00000
38.64101 0.00000
38.65434 0.00000
38.66767 0.00000
38.68100 0.00000
38.69433 0.00000
38.70766 0.00000
38.72099 0.00000
38.73432 0.00000
38.74765 0.00000
38.76098 0.00000
38.77431 0.00000
38.78764 0.00000
38.80097 0.00000
38.81430 0.00000
38.82763 0.00000
38.84096 0.00000
38.85429 0.00000
38.86762 0.00000
38.88095 0.00000
38.89428 0.00000
38.90761 0.00000
38.92094 0.00000
38.93427 0.00000
38.94760 0.00000
38.96093 0.00000
38.97426 0.00000
38.98759 0.00000
39.00092 0.00000
39.01425 0.00000
39.02758 0.00000
39.04091 0.00000
39.05424 0.00000
39.06757 0.00000
39.08090 0.00000
39.09423 0.00000
39.10756 0.00000
39.12089 0.00000
39.13422 0.00000
39.14755 0.00000
39.16088 0.00000
39.17421 0.00000
39.18754 0.00000
39.20087 0.00000
39.21420 0.00000
39.22753 0.00000
39.24086 0.00000
39.25419 0.00000
39.26752 0.00000
39.28085 0.00000
39.29417 0.00000
39.30750 0.00000
39.32083 0.00000
39.33416 0.00000
39.34749 0.00000
39.36082 0.00000
39.37415 0.00000
39.38748 0.00000
39.40081 0.00000
39.41414 0.00000
39.42747 0.00000
39.44080 0.00000
39.45413 0.00000
39.46746 0.00000
39.48079 0.00000
39.49412 0.00000
39.50745 0.00000
39.52078 0.00000
39.53411 0.00000
39.54744 0.00000
39.56077 0.00000
39.57410 0.00000
39.58743 0.00000
39.60076 0.00000
39.61409 0.00000
39.62742 0.00000
39.64075 0.00000
39.65408 0.00000
39.66741 0.00000
39.68074 0.00000
39.69407 0.00000
39.70740 0.00000
39.72073 0.00000
39.73406 0.00000
39.74739 0.00000
39.76072 0.00000
39.77405 0.00000
39.78738 0.00000
39.80071 0.00000
39.81404 0.00000
39.82737 0.00000
39.84070 0.00000
39.85403 0.00000
39.86736 0.00000
39.88069 0.00000
39.89402 0.00000
39.90735 0.00000
39.92068 0.00000
39.93401 0.00000
39.94734 0.00000
39.96067 0.00000
39.97400 0.00000
39.98733 0.00000
40.00066 0.00000
40.01399 0.00000
40.02732 0.00000
40.04065 0.00000
40.05398 0.00000
40.06731 0.00000
40.08064 0.00000
40.09397 0.00000
40.10730 0.00000
40.12063 0.00000
40.13396 0.00000
40.14729 0.00000
40.16062 0.00000
40.17395 0.00000
40.18728 0.00000
40.20061 0.00000
40.21394 0.00000
40.22727 0.00000
40.24060 0.00000
40.25393 0.00000
40.26726 0.00000
40.28059 0.00000
40.29392 0.00000
40.30725 0.00000
40.32058 0.00000
40.33391 0.00000
40.34724 0.00000
40.36057 0.00000
40.37390 0.00000
40.38723 0.00000
40.40056 0.00000
40.41389 0.00000
40.42722 0.00000
40.44055 0.00000
40.45388 0.00000
40.46721 0.00000
40.48054 0.00000
40.49387 0.00000
40.50720 0.00000
40.52053 0.00000
40.53386 0.00000
40.54719 0.00000
40.56052 0.00000
40.57385 0.00000
40.58718 0.00000
40.60051 0.00000
40.61384 0.00000
40.62717 0.00000
40.64050 0.00000
40.65383 0.00000
40.66716 0.00000
40.68049 0.00000
40.69382 0.00000
40.70715 0.00000
40.72047 0.00000
40.73380 0.00000
40.74713 0.00000
40.76046 0.00000
40.77379 0.00000
40.78712 0.00000
40.80045 0.00000
40.81378 0.00000
40.82711 0.00000
40.84044 0.00000
40.85377 0.00000
40.86710 0.00000
40.88043 0.00000
40.89376 0.00000
40.90709 0.00000
40.92042 0.00000
40.93375 0.00000
40.94708 0.00000
40.96041 0.00000
40.97374 0.00000
40.98707 0.00000
41.00040 0.00000
41.01373 0.00000
41.02706 0.00000
41.04039 0.00000
41.05372 0.00000
41.06705 0.00000
41.08038 0.00000
41.09371 0.00000
41.10704 0.00000
41.12037 0.00000
41.13370 0.00000
41.14703 0.00000
41.16036 0.00000
41.17369 0.00000
41.18702 0.00000
41.20035 0.00000
41.21368 0.00000
41.22701 0.00000
41.24034 0.00000
41.25367 0.00000
41.26700 0.00000
41.28033 0.00000
41.29366 0.00000
41.30699 0.00000
41.32032 0.00000
41.33365 0.00000
41.34698 0.00000
41.36031 0.00000
41.37364 0.00000
41.38697 0.00000
41.40030 0.00000
41.41363 0.00000
41.42696 0.00000
41.44029 0.00000
41.45362 0.00000
41.46695 0.00000
41.48028 0.00000
41.49361 0.00000
41.50694 0.00000
41.52027 0.00000
41.53360 0.00000
41.54693 0.00000
41.56026 0.00000
41.57359 0.00000
41.58692 0.00000
41.60025 0.00000
41.61358 0.00000
41.62691 0.00000
41.64024 0.00000
41.65357 0.00000
41.66690 0.00000
41.68023 0.00000
41.69356 0.00000
41.70689 0.00000
41.72022 0.00000
41.73355 0.00000
41.74688 0.00000
41.76021 0.00000
41.77354 0.00000
41.78687 0.00000
41.80020 0.00000
41.81353 0.00000
41.82686 0.00000
41.84019 0.00000
41.85352 0.00000
41.86685 0.00000
41.88018 0.00000
41.89351 0.00000
41.90684 0.00000
41.92017 0.00000
41.93350 0.00000
41.94683 0.00000
41.96016 0.00000
41.97349 0.00000
41.98682 0.00000
42.00015 0.00000
42.01348 0.00000
42.02681 0.00000
42.04014 0.00000
42.05347 0.00000
42.06680 0.00000
42.08013 0.00000
42.09346 0.00000
42.10679 0.00000
42.12012 0.00000
42.13345 0.00000
42.14677 0.00000
42.16010 0.00000
42.17343 0.00000
42.18676 0.00000
42.20009 0.00000
42.21342 0.00000
42.22675 0.00000
42.24008 0.00000
42.25341 0.00000
42.26674 0.00000
42.28007 0.00000
42.29340 0.00000
42.30673 0.00000
42.32006 0.00000
42.33339 0.00000
42.34672 0.00000
42.36005 0.00000
42.37338 0.00000
42.38671 0.00000
42.40004 0.00000
42.41337 0.00000
42.42670 0.00000
42.44003 0.00000
42.45336 0.00000
42.46669 0.00000
42.48002 0.00000
42.49335 0.00000
42.50668 0.00000
42.52001 0.00000
42.53334 0.00000
42.54667 0.00000
42.56000 0.00000
42.57333 0.00000
42.58666 0.00000
42.59999 0.00000
42.61332 0.00000
42.62665 0.00000
42.63998 0.00000
42.65331 0.00000
42.66664 0.00000
42.67997 0.00000
42.69330 0.00000
42.70663 0.00000
42.71996 0.00000
42.73329 0.00000
42.74662 0.00000
42.75995 0.00000
42.77328 0.00000
42.78661 0.00000
42.79994 0.00000
42.81327 0.00000
42.82660 0.00000
42.83993 0.00000
42.85326 0.00000
42.86659 0.00000
42.87992 0.00000
42.89325 0.00000
42.90658 0.00000
42.91991 0.00000
42.93324 0.00000
42.94657 0.00000
42.95990 0.00000
42.97323 0.00000
42.98656 0.00000
42.99989 0.00000
43.01322 0.00000
43.02655 0.00000
43.03988 0.00000
43.05321 0.00000
43.06654 0.00000
43.07987 0.00000
43.09320 0.00000
43.10653 0.00000
43.11986 0.00000
43.13319 0.00000
43.14652 0.00000
43.15985 0.00000
43.17318 0.00000
43.18651 0.00000
43.19984 0.00000
43.21317 0.00000
43.22650 0.00000
43.23983 0.00000
43.25316 0.00000
43.26649 0.00000
43.27982 0.00000
43.29315 0.00000
43.30648 0.00000
43.31981 0.00000
43.33314 0.00000
43.34647 0.00000
43.35980 0.00000
43.37313 0.00000
43.38646 0.00000
43.39979 0.00000
43.41312 0.00000
43.42645 0.00000
43.43978 0.00000
43.45311 0.00000
43.46644 0.00000
43.47977 0.00000
43.49310 0.00000
43.50643 0.00000
43.51976 0.00000
43.53309 0.00000
43.54642 0.00000
43.55975 0.00000
43.57307 0.00000
43.58640 0.00000
43.59973 0.00000
43.61306 0.00000
43.62639 0.00000
43.63972 0.00000
43.65305 0.00000
43.66638 0.00000
43.67971 0.00000
43.69304 0.00000
43.70637 0.00000
43.71970 0.00000
43.73303 0.00000
43.74636 0.00000
43.75969 0.00000
43.77302 0.00000
43.78635 0.00000
43.79968 0.00000
43.81301 0.00000
43.82634 0.00000
43.83967 0.00000
43.85300 0.00000
43.86633 0.00000
43.87966 0.00000
43.89299 0.00000
43.90632 0.00000
43.91965 0.00000
43.93298 0.00000
43.94631 0.00000
43.95964 0.00000
43.97297 0.00000
43.98630 0.00000
43.99963 0.00000
44.01296 0.00000
44.02629 0.00000
44.03962 0.00000
44.05295 0.00000
44.06628 0.00000
44.07961 0.00000
44.09294 0.00000
44.10627 0.00000
44.11960 0.00000
44.13293 0.00000
44.14626 0.00000
44.15959 0.00000
44.17292 0.00000
44.18625 0.00000
44.19958 0.00000
44.21291 0.00000
44.22624 0.00000
44.23957 0.00000
44.25290 0.00000
44.26623 0.00000
44.27956 0.00000
44.29289 0.00000
44.30622 0.00000
44.31955 0.00000
44.33288 0.00000
44.34621 0.00000
44.35954 0.00000
44.37287 0.00000
44.38620 0.00000
44.39953 0.00000
44.41286 0.00000
44.42619 0.00000
44.43952 0.00000
44.45285 0.00000
44.46618 0.00000
44.47951 0.00000
44.49284 0.00000
44.50617 0.00000
44.51950 0.00000
44.53283 0.00000
44.54616 0.00000
44.55949 0.00000
44.57282 0.00000
44.58615 0.00000
44.59948 0.00000
44.61281 0.00000
44.62614 0.00000
44.63947 0.00000
44.65280 0.00000
44.66613 0.00000
44.67946 0.00000
44.69279 0.00000
44.70612 0.00000
44.71945 0.00000
44.73278 0.00000
44.74611 0.00000
44.75944 0.00000
44.77277 0.00000
44.78610 0.00000
44.79943 0.00000
44.81276 0.00000
44.82609 0.00000
44.83942 0.00000
44.85275 0.00000
44.86608 0.00000
44.87941 0.00000
44.89274 0.00000
44.90607 0.00000
44.91940 0.00000
44.93273 0.00000
44.94606 0.00000
44.95939 0.00000
44.97272 0.00000
44.98605 0.00000
44.99937 0.00000
45.01270 0.00000
45.02603 0.00000
45.03936 0.00000
45.05269 0.00000
45.06602 0.00000
45.07935 0.00000
45.09268 0.00000
45.10601 0.00000
45.11934 0.00000
45.13267 0.00000
45.14600 0.00000
45.15933 0.00000
45.17266 0.00000
45.18599 0.00000
45.19932 0.00000
45.21265 0.00000
45.22598 0.00000
45.23931 0.00000
45.25264 0.00000
45.26597 0.00000
45.27930 0.00000
45.29263 0.00000
45.30596 0.00000
45.31929 0.00000
45.33262 0.00000
45.34595 0.00000
45.35928 0.00000
45.37261 0.00000
45.38594 0.00000
45.39927 0.00000
45.41260 0.00000
45.42593 0.00000
45.43926 0.00000
45.45259 0.00000
45.46592 0.00000
45.47925 0.00000
45.49258 0.00000
45.50591 0.00000
45.51924 0.00000
45.53257 0.00000
45.54590 0.00000
45.55923 0.00000
45.57256 0.00000
45.58589 0.00000
45.59922 0.00000
45.61255 0.00000
45.62588 0.00000
45.63921 0.00000
45.65254 0.00000
45.66587 0.00000
45.67920 0.00000
45.69253 0.00000
45.70586 0.00000
45.71919 0.00000
45.73252 0.00000
45.74585 0.00000
45.75918 0.00000
45.77251 0.00000
45.78584 0.00000
45.79917 0.00000
45.81250 0.00000
45.82583 0.00000
45.83916 0.00000
45.85249 0.00000
45.86582 0.00000
45.87915 0.00000
45.89248 0.00000
45.90581 0.00000
45.91914 0.00000
45.93247 0.00000
45.94580 0.00000
45.95913 0.00000
45.97246 0.00000
45.98579 0.00000
45.99912 0.00000
46.01245 0.00000
46.02578 0.00000
46.03911 0.00000
46.05244 0.00000
46.06577 0.00000
46.07910 0.00000
46.09243 0.00000
46.10576 0.00000
46.11909 0.00000
46.13242 0.00000
46.14575 0.00000
46.15908 0.00000
46.17241 0.00000
46.18574 0.00000
46.19907 0.00000
46.21240 0.00000
46.22573 0.00000
46.23906 0.00000
46.25239 0.00000
46.26572 0.00000
46.27905 0.00000
46.29238 0.00000
46.30571 0.00000
46.31904 0.00000
46.33237 0.00000
46.34570 0.00000
46.35903 0.00000
46.37236 0.00000
46.38569 0.00000
46.39902 0.00000
46.41235 0.00000
46.42568 0.00000
46.43900 0.00000
46.45233 0.00000
46.46566 0.00000
46.47899 0.00000
46.49232 0.00000
46.50565 0.00000
46.51898 0.00000
46.53231 0.00000
46.54564 0.00000
46.55897 0.00000
46.57230 0.00000
46.58563 0.00000
46.59896 0.00000
46.61229 0.00000
46.62562 0.00000
46.63895 0.00000
46.65228 0.00000
46.66561 0.00000
46.67894 0.00000
46.69227 0.00000
46.70560 0.00000
46.71893 0.00000
46.73226 0.00000
46.74559 0.00000
46.75892 0.00000
46.77225 0.00000
46.78558 0.00000
46.79891 0.00000
46.81224 0.00000
46.82557 0.00000
46.83890 0.00000
46.85223 0.00000
46.86556 0.00000
46.87889 0.00000
46.89222 0.00000
46.90555 0.00000
46.91888 0.00000
46.93221 0.00000
46.94554 0.00000
46.95887 0.00000
46.97220 0.00000
46.98553 0.00000
46.99886 0.00000
47.01219 0.00000
47.02552 0.00000
47.03885 0.00000
47.05218 0.00000
47.06551 0.00000
47.07884 0.00000
47.09217 0.00000
47.10550 0.00000
47.11883 0.00000
47.13216 0.00000
47.14549 0.00000
47.15882 0.00000
47.17215 0.00000
47.18548 0.00000
47.19881 0.00000
47.21214 0.00001
47.22547 0.00003
47.23880 0.00012
47.25213 0.00040
47.26546 0.00117
47.27879 0.00314
47.29212 0.00763
47.30545 0.01682
47.31878 0.03358
47.33211 0.06076
47.34544 0.09961
47.35877 0.14798
47.37210 0.19922
47.38543 0.24303
47.39876 0.26865
47.41209 0.26912
47.42542 0.24428
47.43875 0.20094
47.45208 0.14977
47.46541 0.10116
47.47874 0.06192
47.49207 0.03434
47.50540 0.01726
47.51873 0.00786
47.53206 0.00324
47.54539 0.00121
47.55872 0.00041
47.57205 0.00013
47.58538 0.00004
47.59871 0.00001
47.61204 0.00000
47.62537 0.00000
47.63870 0.00000
47.65203 0.00000
47.66536 0.00000
47.67869 0.00001
47.69202 0.00004
47.70535 0.00013
47.71868 0.00041
47.73201 0.00119
47.74534 0.00314
47.75867 0.00748
47.77200 0.01618
47.78533 0.03170
47.79866 0.05628
47.81199 0.09054
47.82532 0.13199
47.83865 0.17435
47.85198 0.20870
47.86530 0.22638
47.87863 0.22252
47.89196 0.19820
47.90529 0.15997
47.91862 0.11700
47.93195 0.07755
47.94528 0.04657
47.95861 0.02535
47.97194 0.01250
47.98527 0.00559
47.99860 0.00226
48.01193 0.00083
48.02526 0.00028
48.03859 0.00008
48.05192 0.00002
48.06525 0.00001
48.07858 0.00000
48.09191 0.00000
48.10524 0.00000
48.11857 0.00000
48.13190 0.00000
48.14523 0.00000
48.15856 0.00000
48.17189 0.00000
48.18522 0.00000
48.19855 0.00000
48.21188 0.00000
48.22521 0.00000
48.23854 0.00000
48.25187 0.00000
48.26520 0.00000
48.27853 0.00000
48.29186 0.00000
48.30519 0.00000
48.31852 0.00000
48.33185 0.00000
48.34518 0.00000
48.35851 0.00000
48.37184 0.00000
48.38517 0.00000
48.39850 0.00000
48.41183 0.00000
48.42516 0.00000
48.43849 0.00000
48.45182 0.00000
48.46515 0.00000
48.47848 0.00000
48.49181 0.00000
48.50514 0.00000
48.51847 0.00000
48.53180 0.00000
48.54513 0.00000
48.55846 0.00000
48.57179 0.00000
48.58512 0.00000
48.59845 0.00000
48.61178 0.00000
48.62511 0.00000
48.63844 0.00000
48.65177 0.00000
48.66510 0.00000
48.67843 0.00000
48.69176 0.00000
48.70509 0.00000
48.71842 0.00000
48.73175 0.00000
48.74508 0.00000
48.75841 0.00000
48.77174 0.00000
48.78507 0.00000
48.79840 0.00000
48.81173 0.00000
48.82506 0.00000
48.83839 0.00000
48.85172 0.00000
48.86505 0.00000
48.87838 0.00000
48.89171 0.00000
48.90504 0.00000
48.91837 0.00000
48.93170 0.00000
48.94503 0.00000
48.95836 0.00000
48.97169 0.00000
48.98502 0.00000
48.99835 0.00000
49.01168 0.00000
49.02501 0.00000
49.03834 0.00000
49.05167 0.00000
49.06500 0.00000
49.07833 0.00000
49.09166 0.00000
49.10499 0.00000
49.11832 0.00000
49.13165 0.00000
49.14498 0.00000
49.15831 0.00000
49.17164 0.00000
49.18497 0.00000
49.19830 0.00000
49.21163 0.00000
49.22496 0.00000
49.23829 0.00000
49.25162 0.00000
49.26495 0.00000
49.27828 0.00000
49.29160 0.00000
49.30493 0.00000
49.31826 0.00000
49.33159 0.00000
49.34492 0.00000
49.35825 0.00000
49.37158 0.00000
49.38491 0.00000
49.39824 0.00000
49.41157 0.00000
49.42490 0.00000
49.43823 0.00000
49.45156 0.00000
49.46489 0.00000
49.47822 0.00000
49.49155 0.00000
49.50488 0.00001
49.51821 0.00002
49.53154 0.00006
49.54487 0.00018
49.55820 0.00045
49.57153 0.00104
49.58486 0.00214
49.59819 0.00402
49.61152 0.00683
49.62485 0.01053
49.63818 0.01469
49.65151 0.01858
49.66484 0.02130
49.67817 0.02212
49.69150 0.02082
49.70483 0.01775
49.71816 0.01372
49.73149 0.00961
49.74482 0.00610
49.75815 0.00351
49.77148 0.00183
49.78481 0.00086
49.79814 0.00037
49.81147 0.00014
49.82480 0.00005
49.83813 0.00002
49.85146 0.00000
49.86479 0.00000
49.87812 0.00000
49.89145 0.00000
49.90478 0.00000
49.91811 0.00000
49.93144 0.00000
49.94477 0.00000
49.95810 0.00000
49.97143 0.00000
49.98476 0.00000
49.99809 0.00000
50.01142 0.00000
50.02475 0.00000
50.03808 0.00000
50.05141 0.00000
50.06474 0.00000
50.07807 0.00000
50.09140 0.00000
50.10473 0.00000
50.11806 0.00000
50.13139 0.00000
50.14472 0.00000
50.15805 0.00000
50.17138 0.00000
50.18471 0.00000
50.19804 0.00000
50.21137 0.00000
50.22470 0.00000
50.23803 0.00000
50.25136 0.00000
50.26469 0.00000
50.27802 0.00000
50.29135 0.00000
50.30468 0.00000
50.31801 0.00000
50.33134 0.00000
50.34467 0.00000
50.35800 0.00000
50.37133 0.00000
50.38466 0.00000
50.39799 0.00000
50.41132 0.00000
50.42465 0.00000
50.43798 0.00000
50.45131 0.00000
50.46464 0.00000
50.47797 0.00000
50.49130 0.00000
50.50463 0.00000
50.51796 0.00000
50.53129 0.00000
50.54462 0.00000
50.55795 0.00000
50.57128 0.00000
50.58461 0.00000
50.59794 0.00000
50.61127 0.00000
50.62460 0.00000
50.63793 0.00000
50.65126 0.00000
50.66459 0.00000
50.67792 0.00000
50.69125 0.00000
50.70458 0.00000
50.71790 0.00000
50.73123 0.00000
50.74456 0.00000
50.75789 0.00000
50.77122 0.00000
50.78455 0.00000
50.79788 0.00000
50.81121 0.00000
50.82454 0.00000
50.83787 0.00000
50.85120 0.00000
50.86453 0.00000
50.87786 0.00000
50.89119 0.00000
50.90452 0.00000
50.91785 0.00000
50.93118 0.00000
50.94451 0.00000
50.95784 0.00000
50.97117 0.00000
50.98450 0.00000
50.99783 0.00000
51.01116 0.00000
51.02449 0.00000
51.03782 0.00000
51.05115 0.00000
51.06448 0.00000
51.07781 0.00000
51.09114 0.00000
51.10447 0.00000
51.11780 0.00000
51.13113 0.00000
51.14446 0.00000
51.15779 0.00000
51.17112 0.00000
51.18445 0.00000
51.19778 0.00000
51.21111 0.00000
51.22444 0.00000
51.23777 0.00000
51.25110 0.00000
51.26443 0.00000
51.27776 0.00000
51.29109 0.00000
51.30442 0.00000
51.31775 0.00000
51.33108 0.00000
51.34441 0.00000
51.35774 0.00000
51.37107 0.00000
51.38440 0.00000
51.39773 0.00000
51.41106 0.00000
51.42439 0.00000
51.43772 0.00000
51.45105 0.00000
51.46438 0.00000
51.47771 0.00001
51.49104 0.00005
51.50437 0.00015
51.51770 0.00041
51.53103 0.00101
51.54436 0.00228
51.55769 0.00465
51.57102 0.00861
51.58435 0.01442
51.59768 0.02189
51.61101 0.03011
51.62434 0.03754
51.63767 0.04241
51.65100 0.04341
51.66433 0.04027
51.67766 0.03385
51.69099 0.02578
51.70432 0.01779
51.71765 0.01113
51.73098 0.00631
51.74431 0.00324
51.75764 0.00151
51.77097 0.00064
51.78430 0.00024
51.79763 0.00008
51.81096 0.00003
51.82429 0.00001
51.83762 0.00000
51.85095 0.00000
51.86428 0.00000
51.87761 0.00000
51.89094 0.00000
51.90427 0.00000
51.91760 0.00000
51.93093 0.00000
51.94426 0.00000
51.95759 0.00000
51.97092 0.00000
51.98425 0.00000
51.99758 0.00000
52.01091 0.00000
52.02424 0.00000
52.03757 0.00000
52.05090 0.00000
52.06423 0.00000
52.07756 0.00000
52.09089 0.00000
52.10422 0.00000
52.11755 0.00000
52.13088 0.00000
52.14420 0.00000
52.15753 0.00000
52.17086 0.00000
52.18419 0.00000
52.19752 0.00000
52.21085 0.00000
52.22418 0.00000
52.23751 0.00000
52.25084 0.00000
52.26417 0.00000
52.27750 0.00000
52.29083 0.00000
52.30416 0.00000
52.31749 0.00000
52.33082 0.00000
52.34415 0.00000
52.35748 0.00000
52.37081 0.00000
52.38414 0.00000
52.39747 0.00000
52.41080 0.00000
52.42413 0.00000
52.43746 0.00000
52.45079 0.00000
52.46412 0.00000
52.47745 0.00000
52.49078 0.00000
52.50411 0.00000
52.51744 0.00000
52.53077 0.00000
52.54410 0.00000
52.55743 0.00000
52.57076 0.00000
52.58409 0.00000
52.59742 0.00000
52.61075 0.00000
52.62408 0.00000
52.63741 0.00000
52.65074 0.00000
52.66407 0.00000
52.67740 0.00000
52.69073 0.00000
52.70406 0.00000
52.71739 0.00000
52.73072 0.00000
52.74405 0.00000
52.75738 0.00000
52.77071 0.00000
52.78404 0.00000
52.79737 0.00000
52.81070 0.00000
52.82403 0.00000
52.83736 0.00000
52.85069 0.00000
52.86402 0.00000
52.87735 0.00000
52.89068 0.00000
52.90401 0.00000
52.91734 0.00000
52.93067 0.00000
52.94400 0.00000
52.95733 0.00000
52.97066 0.00000
52.98399 0.00000
52.99732 0.00000
53.01065 0.00000
53.02398 0.00000
53.03731 0.00000
53.05064 0.00000
53.06397 0.00000
53.07730 0.00000
53.09063 0.00000
53.10396 0.00000
53.11729 0.00000
53.13062 0.00000
53.14395 0.00000
53.15728 0.00000
53.17061 0.00000
53.18394 0.00000
53.19727 0.00000
53.21060 0.00000
53.22393 0.00000
53.23726 0.00000
53.25059 0.00000
53.26392 0.00000
53.27725 0.00000
53.29058 0.00000
53.30391 0.00000
53.31724 0.00000
53.33057 0.00000
53.34390 0.00000
53.35723 0.00000
53.37056 0.00000
53.38389 0.00000
53.39722 0.00000
53.41055 0.00000
53.42388 0.00000
53.43721 0.00000
53.45054 0.00000
53.46387 0.00000
53.47720 0.00000
53.49053 0.00000
53.50386 0.00000
53.51719 0.00000
53.53052 0.00000
53.54385 0.00000
53.55718 0.00000
53.57050 0.00000
53.58383 0.00000
53.59716 0.00000
53.61049 0.00000
53.62382 0.00000
53.63715 0.00000
53.65048 0.00000
53.66381 0.00000
53.67714 0.00000
53.69047 0.00000
53.70380 0.00000
53.71713 0.00000
53.73046 0.00000
53.74379 0.00000
53.75712 0.00000
53.77045 0.00000
53.78378 0.00000
53.79711 0.00000
53.81044 0.00000
53.82377 0.00000
53.83710 0.00000
53.85043 0.00000
53.86376 0.00000
53.87709 0.00000
53.89042 0.00000
53.90375 0.00000
53.91708 0.00000
53.93041 0.00000
53.94374 0.00000
53.95707 0.00000
53.97040 0.00000
53.98373 0.00000
53.99706 0.00000
54.01039 0.00000
54.02372 0.00000
54.03705 0.00000
54.05038 0.00000
54.06371 0.00000
54.07704 0.00000
54.09037 0.00000
54.10370 0.00000
54.11703 0.00000
54.13036 0.00000
54.14369 0.00000
54.15702 0.00000
54.17035 0.00000
54.18368 0.00000
54.19701 0.00000
54.21034 0.00000
54.22367 0.00000
54.23700 0.00000
54.25033 0.00000
54.26366 0.00000
54.27699 0.00000
54.29032 0.00000
54.30365 0.00000
54.31698 0.00000
54.33031 0.00000
54.34364 0.00000
54.35697 0.00000
54.37030 0.00000
54.38363 0.00000
54.39696 0.00000
54.41029 0.00000
54.42362 0.00000
54.43695 0.00000
54.45028 0.00000
54.46361 0.00000
54.47694 0.00000
54.49027 0.00000
54.50360 0.00000
54.51693 0.00000
54.53026 0.00000
54.54359 0.00000
54.55692 0.00000
54.57025 0.00000
54.58358 0.00000
54.59691 0.00000
54.61024 0.00000
54.62357 0.00000
54.63690 0.00000
54.65023 0.00001
54.66356 0.00005
54.67689 0.00018
54.69022 0.00055
54.70355 0.00153
54.71688 0.00383
54.73021 0.00868
54.74354 0.01782
54.75687 0.03317
54.77020 0.05593
54.78353 0.08547
54.79686 0.11834
54.81019 0.14849
54.82352 0.16883
54.83685 0.17395
54.85018 0.16241
54.86351 0.13740
54.87684 0.10534
54.89017 0.07318
54.90350 0.04607
54.91683 0.02628
54.93016 0.01359
54.94349 0.00636
54.95682 0.00270
54.97015 0.00104
54.98348 0.00036
54.99680 0.00011
55.01013 0.00003
55.02346 0.00001
55.03679 0.00000
55.05012 0.00000
55.06345 0.00000
55.07678 0.00000
55.09011 0.00000
55.10344 0.00000
55.11677 0.00000
55.13010 0.00000
55.14343 0.00000
55.15676 0.00000
55.17009 0.00000
55.18342 0.00000
55.19675 0.00000
55.21008 0.00000
55.22341 0.00000
55.23674 0.00000
55.25007 0.00000
55.26340 0.00000
55.27673 0.00000
55.29006 0.00000
55.30339 0.00000
55.31672 0.00000
55.33005 0.00000
55.34338 0.00000
55.35671 0.00000
55.37004 0.00000
55.38337 0.00000
55.39670 0.00000
55.41003 0.00000
55.42336 0.00000
55.43669 0.00000
55.45002 0.00000
55.46335 0.00000
55.47668 0.00000
55.49001 0.00000
55.50334 0.00000
55.51667 0.00000
55.53000 0.00000
55.54333 0.00000
55.55666 0.00000
55.56999 0.00000
55.58332 0.00000
55.59665 0.00000
55.60998 0.00000
55.62331 0.00000
55.63664 0.00000
55.64997 0.00000
55.66330 0.00000
55.67663 0.00000
55.68996 0.00000
55.70329 0.00001
55.71662 0.00003
55.72995 0.00008
55.74328 0.00022
55.75661 0.00054
55.76994 0.00117
55.78327 0.00230
55.79660 0.00412
55.80993 0.00667
55.82326 0.00980
55.83659 0.01304
55.84992 0.01573
55.86325 0.01719
55.87658 0.01702
55.88991 0.01527
55.90324 0.01242
55.91657 0.00915
55.92990 0.00611
55.94323 0.00370
55.95656 0.00203
55.96989 0.00101
55.98322 0.00045
55.99655 0.00018
56.00988 0.00007
56.02321 0.00002
56.03654 0.00001
56.04987 0.00000
56.06320 0.00000
56.07653 0.00000
56.08986 0.00000
56.10319 0.00000
56.11652 0.00000
56.12985 0.00000
56.14318 0.00000
56.15651 0.00000
56.16984 0.00000
56.18317 0.00000
56.19650 0.00000
56.20983 0.00000
56.22316 0.00000
56.23649 0.00000
56.24982 0.00000
56.26315 0.00000
56.27648 0.00000
56.28981 0.00000
56.30314 0.00000
56.31647 0.00000
56.32980 0.00000
56.34313 0.00000
56.35646 0.00000
56.36979 0.00000
56.38312 0.00000
56.39645 0.00000
56.40978 0.00000
56.42311 0.00000
56.43643 0.00000
56.44976 0.00000
56.46309 0.00000
56.47642 0.00000
56.48975 0.00000
56.50308 0.00000
56.51641 0.00000
56.52974 0.00000
56.54307 0.00000
56.55640 0.00000
56.56973 0.00000
56.58306 0.00000
56.59639 0.00000
56.60972 0.00000
56.62305 0.00000
56.63638 0.00000
56.64971 0.00000
56.66304 0.00000
56.67637 0.00000
56.68970 0.00000
56.70303 0.00000
56.71636 0.00000
56.72969 0.00000
56.74302 0.00000
56.75635 0.00000
56.76968 0.00000
56.78301 0.00000
56.79634 0.00000
56.80967 0.00000
56.82300 0.00000
56.83633 0.00000
56.84966 0.00000
56.86299 0.00000
56.87632 0.00000
56.88965 0.00000
56.90298 0.00000
56.91631 0.00000
56.92964 0.00000
56.94297 0.00000
56.95630 0.00000
56.96963 0.00000
56.98296 0.00000
56.99629 0.00000
57.00962 0.00000
57.02295 0.00000
57.03628 0.00000
57.04961 0.00000
57.06294 0.00000
57.07627 0.00000
57.08960 0.00000
57.10293 0.00000
57.11626 0.00000
57.12959 0.00000
57.14292 0.00000
57.15625 0.00000
57.16958 0.00000
57.18291 0.00000
57.19624 0.00000
57.20957 0.00000
57.22290 0.00000
57.23623 0.00000
57.24956 0.00000
57.26289 0.00000
57.27622 0.00000
57.28955 0.00000
57.30288 0.00001
57.31621 0.00002
57.32954 0.00008
57.34287 0.00026
57.35620 0.00075
57.36953 0.00199
57.38286 0.00478
57.39619 0.01041
57.40952 0.02056
57.42285 0.03681
57.43618 0.05970
57.44951 0.08775
57.46284 0.11687
57.47617 0.14104
57.48950 0.15425
57.50283 0.15287
57.51616 0.13728
57.52949 0.11172
57.54282 0.08238
57.55615 0.05505
57.56948 0.03333
57.58281 0.01829
57.59614 0.00909
57.60947 0.00410
57.62280 0.00167
57.63613 0.00062
57.64946 0.00021
57.66279 0.00006
57.67612 0.00002
57.68945 0.00000
57.70278 0.00000
57.71611 0.00000
57.72944 0.00000
57.74277 0.00000
57.75610 0.00000
57.76943 0.00000
57.78276 0.00000
57.79609 0.00000
57.80942 0.00000
57.82275 0.00000
57.83608 0.00000
57.84941 0.00000
57.86273 0.00000
57.87606 0.00000
57.88939 0.00000
57.90272 0.00000
57.91605 0.00000
57.92938 0.00000
57.94271 0.00000
57.95604 0.00000
57.96937 0.00000
57.98270 0.00000
57.99603 0.00000
58.00936 0.00000
58.02269 0.00000
58.03602 0.00000
58.04935 0.00000
58.06268 0.00000
58.07601 0.00000
58.08934 0.00000
58.10267 0.00000
58.11600 0.00000
58.12933 0.00000
58.14266 0.00000
58.15599 0.00000
58.16932 0.00000
58.18265 0.00000
58.19598 0.00000
58.20931 0.00000
58.22264 0.00000
58.23597 0.00000
58.24930 0.00000
58.26263 0.00000
58.27596 0.00000
58.28929 0.00000
58.30262 0.00000
58.31595 0.00000
58.32928 0.00000
58.34261 0.00000
58.35594 0.00000
58.36927 0.00000
58.38260 0.00000
58.39593 0.00000
58.40926 0.00000
58.42259 0.00000
58.43592 0.00000
58.44925 0.00000
58.46258 0.00000
58.47591 0.00000
58.48924 0.00000
58.50257 0.00000
58.51590 0.00000
58.52923 0.00000
58.54256 0.00000
58.55589 0.00000
58.56922 0.00000
58.58255 0.00000
58.59588 0.00000
58.60921 0.00000
58.62254 0.00000
58.63587 0.00000
58.64920 0.00000
58.66253 0.00000
58.67586 0.00000
58.68919 0.00000
58.70252 0.00000
58.71585 0.00000
58.72918 0.00000
58.74251 0.00000
58.75584 0.00000
58.76917 0.00000
58.78250 0.00000
58.79583 0.00000
58.80916 0.00000
58.82249 0.00000
58.83582 0.00000
58.84915 0.00000
58.86248 0.00000
58.87581 0.00000
58.88914 0.00000
58.90247 0.00000
58.91580 0.00000
58.92913 0.00000
58.94246 0.00000
58.95579 0.00000
58.96912 0.00000
58.98245 0.00000
58.99578 0.00000
59.00911 0.00000
59.02244 0.00000
59.03577 0.00000
59.04910 0.00000
59.06243 0.00000
59.07576 0.00000
59.08909 0.00000
59.10242 0.00001
59.11575 0.00002
59.12908 0.00007
59.14241 0.00023
59.15574 0.00061
59.16907 0.00152
59.18240 0.00340
59.19573 0.00689
59.20906 0.01267
59.22239 0.02111
59.23572 0.03188
59.24905 0.04362
59.26238 0.05407
59.27571 0.06075
59.28903 0.06185
59.30236 0.05706
59.31569 0.04770
59.32902 0.03613
59.34235 0.02480
59.35568 0.01543
59.36901 0.00870
59.38234 0.00444
59.39567 0.00206
59.40900 0.00086
59.42233 0.00033
59.43566 0.00011
59.44899 0.00004
59.46232 0.00001
59.47565 0.00000
59.48898 0.00000
59.50231 0.00000
59.51564 0.00000
59.52897 0.00000
59.54230 0.00000
59.55563 0.00000
59.56896 0.00000
59.58229 0.00000
59.59562 0.00000
59.60895 0.00000
59.62228 0.00000
59.63561 0.00000
59.64894 0.00000
59.66227 0.00000
59.67560 0.00000
59.68893 0.00000
59.70226 0.00000
59.71559 0.00000
59.72892 0.00000
59.74225 0.00000
59.75558 0.00000
59.76891 0.00000
59.78224 0.00000
59.79557 0.00000
59.80890 0.00000
59.82223 0.00000
59.83556 0.00000
59.84889 0.00000
59.86222 0.00000
59.87555 0.00000
59.88888 0.00000
59.90221 0.00000
59.91554 0.00000
59.92887 0.00000
59.94220 0.00000
59.95553 0.00000
59.96886 0.00000
59.98219 0.00000
59.99552 0.00000
60.00885 0.00000
60.02218 0.00000
60.03551 0.00000
60.04884 0.00000
60.06217 0.00000
60.07550 0.00000
60.08883 0.00000
60.10216 0.00000
60.11549 0.00000
60.12882 0.00000
60.14215 0.00000
60.15548 0.00000
60.16881 0.00000
60.18214 0.00000
60.19547 0.00000
60.20880 0.00000
60.22213 0.00000
60.23546 0.00000
60.24879 0.00000
60.26212 0.00000
60.27545 0.00000
60.28878 0.00000
60.30211 0.00000
60.31544 0.00000
60.32877 0.00000
60.34210 0.00000
60.35543 0.00000
60.36876 0.00000
60.38209 0.00000
60.39542 0.00000
60.40875 0.00000
60.42208 0.00000
60.43541 0.00000
60.44874 0.00000
60.46207 0.00000
60.47540 0.00000
60.48873 0.00000
60.50206 0.00000
60.51539 0.00000
60.52872 0.00000
60.54205 0.00000
60.55538 0.00000
60.56871 0.00000
60.58204 0.00000
60.59537 0.00000
60.60870 0.00000
60.62203 0.00000
60.63536 0.00000
60.64869 0.00000
60.66202 0.00000
60.67535 0.00000
60.68868 0.00000
60.70201 0.00000
60.71533 0.00000
60.72866 0.00000
60.74199 0.00000
60.75532 0.00000
60.76865 0.00000
60.78198 0.00000
60.79531 0.00000
60.80864 0.00000
60.82197 0.00000
60.83530 0.00000
60.84863 0.00000
60.86196 0.00000
60.87529 0.00000
60.88862 0.00000
60.90195 0.00000
60.91528 0.00000
60.92861 0.00000
60.94194 0.00000
60.95527 0.00000
60.96860 0.00000
60.98193 0.00000
60.99526 0.00000
61.00859 0.00000
61.02192 0.00000
61.03525 0.00000
61.04858 0.00000
61.06191 0.00000
61.07524 0.00000
61.08857 0.00000
61.10190 0.00000
61.11523 0.00000
61.12856 0.00000
61.14189 0.00000
61.15522 0.00000
61.16855 0.00000
61.18188 0.00000
61.19521 0.00000
61.20854 0.00000
61.22187 0.00000
61.23520 0.00000
61.24853 0.00000
61.26186 0.00000
61.27519 0.00000
61.28852 0.00000
61.30185 0.00000
61.31518 0.00000
61.32851 0.00000
61.34184 0.00000
61.35517 0.00000
61.36850 0.00000
61.38183 0.00000
61.39516 0.00000
61.40849 0.00000
61.42182 0.00000
61.43515 0.00000
61.44848 0.00000
61.46181 0.00000
61.47514 0.00000
61.48847 0.00000
61.50180 0.00000
61.51513 0.00000
61.52846 0.00000
61.54179 0.00000
61.55512 0.00000
61.56845 0.00000
61.58178 0.00000
61.59511 0.00000
61.60844 0.00000
61.62177 0.00000
61.63510 0.00000
61.64843 0.00000
61.66176 0.00000
61.67509 0.00000
61.68842 0.00000
61.70175 0.00000
61.71508 0.00000
61.72841 0.00000
61.74174 0.00000
61.75507 0.00000
61.76840 0.00000
61.78173 0.00000
61.79506 0.00000
61.80839 0.00000
61.82172 0.00000
61.83505 0.00000
61.84838 0.00000
61.86171 0.00000
61.87504 0.00000
61.88837 0.00000
61.90170 0.00000
61.91503 0.00000
61.92836 0.00000
61.94169 0.00000
61.95502 0.00000
61.96835 0.00000
61.98168 0.00000
61.99501 0.00000
62.00834 0.00000
62.02167 0.00000
62.03500 0.00001
62.04833 0.00004
62.06166 0.00014
62.07499 0.00041
62.08832 0.00106
62.10165 0.00250
62.11498 0.00533
62.12831 0.01031
62.14163 0.01809
62.15496 0.02874
62.16829 0.04139
62.18162 0.05401
62.19495 0.06386
62.20828 0.06843
62.22161 0.06644
62.23494 0.05846
62.24827 0.04661
62.26160 0.03367
62.27493 0.02205
62.28826 0.01308
62.30159 0.00703
62.31492 0.00343
62.32825 0.00151
62.34158 0.00060
62.35491 0.00022
62.36824 0.00007
62.38157 0.00002
62.39490 0.00001
62.40823 0.00000
62.42156 0.00000
62.43489 0.00000
62.44822 0.00000
62.46155 0.00000
62.47488 0.00000
62.48821 0.00000
62.50154 0.00000
62.51487 0.00000
62.52820 0.00000
62.54153 0.00000
62.55486 0.00000
62.56819 0.00000
62.58152 0.00000
62.59485 0.00000
62.60818 0.00000
62.62151 0.00001
62.63484 0.00003
62.64817 0.00010
62.66150 0.00025
62.67483 0.00059
62.68816 0.00126
62.70149 0.00243
62.71482 0.00426
62.72815 0.00675
62.74148 0.00969
62.75481 0.01261
62.76814 0.01487
62.78147 0.01589
62.79480 0.01539
62.80813 0.01350
62.82146 0.01074
62.83479 0.00773
62.84812 0.00505
62.86145 0.00299
62.87478 0.00160
62.88811 0.00078
62.90144 0.00034
62.91477 0.00014
62.92810 0.00005
62.94143 0.00002
62.95476 0.00000
62.96809 0.00000
62.98142 0.00000
62.99475 0.00000
63.00808 0.00000
63.02141 0.00000
63.03474 0.00000
63.04807 0.00000
63.06140 0.00000
63.07473 0.00000
63.08806 0.00000
63.10139 0.00000
63.11472 0.00000
63.12805 0.00000
63.14138 0.00000
63.15471 0.00000
63.16804 0.00000
63.18137 0.00000
63.19470 0.00000
63.20803 0.00000
63.22136 0.00000
63.23469 0.00000
63.24802 0.00000
63.26135 0.00000
63.27468 0.00000
63.28801 0.00000
63.30134 0.00000
63.31467 0.00000
63.32800 0.00000
63.34133 0.00000
63.35466 0.00000
63.36799 0.00000
63.38132 0.00000
63.39465 0.00000
63.40798 0.00000
63.42131 0.00000
63.43464 0.00000
63.44797 0.00000
63.46130 0.00000
63.47463 0.00000
63.48796 0.00000
63.50129 0.00000
63.51462 0.00000
63.52795 0.00000
63.54128 0.00000
63.55461 0.00000
63.56793 0.00000
63.58126 0.00000
63.59459 0.00000
63.60792 0.00000
63.62125 0.00000
63.63458 0.00000
63.64791 0.00000
63.66124 0.00000
63.67457 0.00000
63.68790 0.00000
63.70123 0.00000
63.71456 0.00000
63.72789 0.00000
63.74122 0.00000
63.75455 0.00000
63.76788 0.00000
63.78121 0.00000
63.79454 0.00000
63.80787 0.00000
63.82120 0.00000
63.83453 0.00000
63.84786 0.00000
63.86119 0.00000
63.87452 0.00000
63.88785 0.00000
63.90118 0.00000
63.91451 0.00000
63.92784 0.00000
63.94117 0.00000
63.95450 0.00000
63.96783 0.00000
63.98116 0.00000
63.99449 0.00000
64.00782 0.00000
64.02115 0.00000
64.03448 0.00000
64.04781 0.00000
64.06114 0.00000
64.07447 0.00000
64.08780 0.00000
64.10113 0.00000
64.11446 0.00000
64.12779 0.00000
64.14112 0.00000
64.15445 0.00000
64.16778 0.00000
64.18111 0.00000
64.19444 0.00000
64.20777 0.00000
64.22110 0.00000
64.23443 0.00000
64.24776 0.00000
64.26109 0.00000
64.27442 0.00000
64.28775 0.00000
64.30108 0.00000
64.31441 0.00000
64.32774 0.00000
64.34107 0.00000
64.35440 0.00000
64.36773 0.00000
64.38106 0.00000
64.39439 0.00000
64.40772 0.00000
64.42105 0.00000
64.43438 0.00000
64.44771 0.00000
64.46104 0.00000
64.47437 0.00000
64.48770 0.00000
64.50103 0.00000
64.51436 0.00000
64.52769 0.00000
64.54102 0.00000
64.55435 0.00000
64.56768 0.00000
64.58101 0.00000
64.59434 0.00000
64.60767 0.00000
64.62100 0.00000
64.63433 0.00000
64.64766 0.00000
64.66099 0.00000
64.67432 0.00000
64.68765 0.00000
64.70098 0.00000
64.71431 0.00000
64.72764 0.00000
64.74097 0.00000
64.75430 0.00000
64.76763 0.00000
64.78096 0.00000
64.79429 0.00000
64.80762 0.00000
64.82095 0.00000
64.83428 0.00000
64.84761 0.00000
64.86094 0.00000
64.87427 0.00000
64.88760 0.00000
64.90093 0.00000
64.91426 0.00000
64.92759 0.00000
64.94092 0.00000
64.95425 0.00000
64.96758 0.00000
64.98091 0.00000
64.99424 0.00000
65.00756 0.00000
65.02089 0.00000
65.03422 0.00000
65.04755 0.00000
65.06088 0.00000
65.07421 0.00000
65.08754 0.00000
65.10087 0.00000
65.11420 0.00000
65.12753 0.00000
65.14086 0.00000
65.15419 0.00000
65.16752 0.00000
65.18085 0.00000
65.19418 0.00000
65.20751 0.00000
65.22084 0.00000
65.23417 0.00000
65.24750 0.00000
65.26083 0.00000
65.27416 0.00000
65.28749 0.00000
65.30082 0.00000
65.31415 0.00000
65.32748 0.00000
65.34081 0.00000
65.35414 0.00000
65.36747 0.00000
65.38080 0.00000
65.39413 0.00000
65.40746 0.00000
65.42079 0.00000
65.43412 0.00000
65.44745 0.00000
65.46078 0.00000
65.47411 0.00000
65.48744 0.00000
65.50077 0.00000
65.51410 0.00000
65.52743 0.00000
65.54076 0.00000
65.55409 0.00000
65.56742 0.00000
65.58075 0.00000
65.59408 0.00000
65.60741 0.00000
65.62074 0.00000
65.63407 0.00000
65.64740 0.00000
65.66073 0.00000
65.67406 0.00000
65.68739 0.00000
65.70072 0.00000
65.71405 0.00000
65.72738 0.00000
65.74071 0.00000
65.75404 0.00000
65.76737 0.00000
65.78070 0.00000
65.79403 0.00000
65.80736 0.00000
65.82069 0.00001
65.83402 0.00003
65.84735 0.00010
65.86068 0.00024
65.87401 0.00057
65.88734 0.00120
65.90067 0.00230
65.91400 0.00399
65.92733 0.00626
65.94066 0.00891
65.95399 0.01149
65.96732 0.01343
65.98065 0.01422
65.99398 0.01364
66.00731 0.01186
66.02064 0.00935
66.03397 0.00667
66.04730 0.00432
66.06063 0.00253
66.07396 0.00134
66.08729 0.00065
66.10062 0.00028
66.11395 0.00011
66.12728 0.00004
66.14061 0.00001
66.15394 0.00000
66.16727 0.00000
66.18060 0.00000
66.19393 0.00000
66.20726 0.00000
66.22059 0.00000
66.23392 0.00000
66.24725 0.00000
66.26058 0.00000
66.27391 0.00000
66.28724 0.00000
66.30057 0.00000
66.31390 0.00000
66.32723 0.00000
66.34056 0.00000
66.35389 0.00000
66.36722 0.00000
66.38055 0.00000
66.39388 0.00000
66.40721 0.00000
66.42054 0.00000
66.43386 0.00000
66.44719 0.00000
66.46052 0.00000
66.47385 0.00000
66.48718 0.00000
66.50051 0.00000
66.51384 0.00000
66.52717 0.00000
66.54050 0.00000
66.55383 0.00000
66.56716 0.00000
66.58049 0.00000
66.59382 0.00000
66.60715 0.00000
66.62048 0.00000
66.63381 0.00000
66.64714 0.00000
66.66047 0.00000
66.67380 0.00000
66.68713 0.00000
66.70046 0.00000
66.71379 0.00000
66.72712 0.00000
66.74045 0.00000
66.75378 0.00000
66.76711 0.00000
66.78044 0.00000
66.79377 0.00000
66.80710 0.00000
66.82043 0.00000
66.83376 0.00000
66.84709 0.00000
66.86042 0.00000
66.87375 0.00000
66.88708 0.00000
66.90041 0.00000
66.91374 0.00000
66.92707 0.00000
66.94040 0.00000
66.95373 0.00000
66.96706 0.00000
66.98039 0.00000
66.99372 0.00000
67.00705 0.00000
67.02038 0.00000
67.03371 0.00000
67.04704 0.00000
67.06037 0.00000
67.07370 0.00000
67.08703 0.00000
67.10036 0.00000
67.11369 0.00000
67.12702 0.00000
67.14035 0.00000
67.15368 0.00000
67.16701 0.00000
67.18034 0.00000
67.19367 0.00000
67.20700 0.00000
67.22033 0.00000
67.23366 0.00000
67.24699 0.00000
67.26032 0.00000
67.27365 0.00000
67.28698 0.00000
67.30031 0.00000
67.31364 0.00000
67.32697 0.00000
67.34030 0.00000
67.35363 0.00000
67.36696 0.00000
67.38029 0.00000
67.39362 0.00000
67.40695 0.00000
67.42028 0.00000
67.43361 0.00000
67.44694 0.00000
67.46027 0.00000
67.47360 0.00000
67.48693 0.00000
67.50026 0.00000
67.51359 0.00000
67.52692 0.00000
67.54025 0.00000
67.55358 0.00000
67.56691 0.00000
67.58024 0.00000
67.59357 0.00000
67.60690 0.00000
67.62023 0.00000
67.63356 0.00000
67.64689 0.00000
67.66022 0.00000
67.67355 0.00000
67.68688 0.00000
67.70021 0.00000
67.71354 0.00000
67.72687 0.00000
67.74020 0.00000
67.75353 0.00000
67.76686 0.00000
67.78019 0.00000
67.79352 0.00000
67.80685 0.00000
67.82018 0.00000
67.83351 0.00000
67.84684 0.00000
67.86016 0.00000
67.87349 0.00000
67.88682 0.00000
67.90015 0.00000
67.91348 0.00000
67.92681 0.00000
67.94014 0.00000
67.95347 0.00000
67.96680 0.00000
67.98013 0.00000
67.99346 0.00000
68.00679 0.00000
68.02012 0.00000
68.03345 0.00000
68.04678 0.00000
68.06011 0.00000
68.07344 0.00000
68.08677 0.00000
68.10010 0.00000
68.11343 0.00000
68.12676 0.00000
68.14009 0.00000
68.15342 0.00000
68.16675 0.00000
68.18008 0.00000
68.19341 0.00000
68.20674 0.00000
68.22007 0.00000
68.23340 0.00000
68.24673 0.00000
68.26006 0.00000
68.27339 0.00000
68.28672 0.00000
68.30005 0.00000
68.31338 0.00000
68.32671 0.00000
68.34004 0.00000
68.35337 0.00000
68.36670 0.00000
68.38003 0.00000
68.39336 0.00000
68.40669 0.00000
68.42002 0.00000
68.43335 0.00000
68.44668 0.00000
68.46001 0.00000
68.47334 0.00000
68.48667 0.00000
68.50000 0.00000
68.51333 0.00000
68.52666 0.00000
68.53999 0.00000
68.55332 0.00000
68.56665 0.00000
68.57998 0.00000
68.59331 0.00000
68.60664 0.00000
68.61997 0.00000
68.63330 0.00000
68.64663 0.00000
68.65996 0.00000
68.67329 0.00000
68.68662 0.00000
68.69995 0.00000
68.71328 0.00000
68.72661 0.00000
68.73994 0.00000
68.75327 0.00000
68.76660 0.00000
68.77993 0.00000
68.79326 0.00000
68.80659 0.00000
68.81992 0.00000
68.83325 0.00000
68.84658 0.00000
68.85991 0.00000
68.87324 0.00000
68.88657 0.00000
68.89990 0.00000
68.91323 0.00000
68.92656 0.00000
68.93989 0.00000
68.95322 0.00000
68.96655 0.00000
68.97988 0.00000
68.99321 0.00000
69.00654 0.00000
69.01987 0.00000
69.03320 0.00000
69.04653 0.00000
69.05986 0.00000
69.07319 0.00000
69.08652 0.00000
69.09985 0.00000
69.11318 0.00000
69.12651 0.00000
69.13984 0.00000
69.15317 0.00000
69.16650 0.00000
69.17983 0.00000
69.19316 0.00000
69.20649 0.00000
69.21982 0.00000
69.23315 0.00000
69.24648 0.00000
69.25981 0.00000
69.27314 0.00000
69.28646 0.00000
69.29979 0.00000
69.31312 0.00000
69.32645 0.00000
69.33978 0.00000
69.35311 0.00000
69.36644 0.00000
69.37977 0.00000
69.39310 0.00000
69.40643 0.00000
69.41976 0.00000
69.43309 0.00000
69.44642 0.00000
69.45975 0.00000
69.47308 0.00001
69.48641 0.00002
69.49974 0.00008
69.51307 0.00025
69.52640 0.00070
69.53973 0.00176
69.55306 0.00401
69.56639 0.00829
69.57972 0.01553
69.59305 0.02636
69.60638 0.04056
69.61971 0.05654
69.63304 0.07143
69.64637 0.08178
69.65970 0.08484
69.67303 0.07975
69.68636 0.06794
69.69969 0.05244
69.71302 0.03668
69.72635 0.02325
69.73968 0.01336
69.75301 0.00695
69.76634 0.00328
69.77967 0.00140
69.79300 0.00054
69.80633 0.00019
69.81966 0.00006
69.83299 0.00002
69.84632 0.00000
69.85965 0.00000
69.87298 0.00000
69.88631 0.00000
69.89964 0.00000
69.91297 0.00000
69.92630 0.00000
69.93963 0.00000
69.95296 0.00000
69.96629 0.00000
69.97962 0.00000
69.99295 0.00000
