Commander Sample ID
20.0     20
20.01969 18
20.03939 17
20.05908 9
20.07878 10
20.09847 16
20.11817 15
20.13786 14
20.15756 24
20.17725 12
20.19695 10
20.21665 11
20.23634 7
20.25604 15
20.27573 15
20.29543 16
20.31512 18
20.33482 6
20.35451 16
20.37421 9
20.39390 14
20.41360 18
20.4333  14
20.45299 13
20.47269 22
20.49238 12
20.51208 15
20.53177 19
20.55147 21
20.57116 19
20.59086 17
20.61055 15
20.63025 11
20.64994 15
20.66964 12
20.68934 12
20.70903 15
20.72873 15
20.74842 20
20.76812 13
20.78781 11
20.80751 5
20.82720 16
20.84690 20
20.86659 19
20.88629 17
20.90598 14
20.92568 18
20.94538 10
20.96507 12
20.98477 17
21.00446 10
21.02416 13
21.04385 13
21.06355 19
21.08324 20
21.10294 15
21.12263 16
21.14233 18
21.16202 14
21.18172 16
21.20142 13
21.22111 15
21.24081 6
21.26050 28
21.28020 12
21.29989 11
21.31959 18
21.33928 9
21.35898 17
21.37867 18
21.39837 10
21.41807 19
21.43776 4
21.45746 12
21.47715 12
21.49685 20
21.51654 16
21.53624 10
21.55593 6
21.57563 21
21.59532 12
21.61502 15
21.63472 22
21.65441 12
21.67411 12
21.69380 11
21.71350 9
21.73319 12
21.75289 16
21.77258 15
21.79228 18
21.81197 13
21.83167 19
21.85137 8
21.87106 15
21.89076 7
21.91045 10
21.93015 14
21.94984 10
21.96954 19
21.98923 15
22.00893 18
22.02862 11
22.04832 20
22.06802 18
22.08771 11
22.10741 12
22.12710 10
22.14680 21
22.16649 16
22.18619 9
22.20588 16
22.22558 17
22.24527 12
22.26497 12
22.28467 16
22.30436 10
22.32406 13
22.34375 16
22.36345 15
22.38314 11
22.40284 8
22.42253 14
22.44223 15
22.46192 15
22.48162 18
22.50131 16
22.52101 12
22.54071 14
22.56040 11
22.58010 15
22.59979 10
22.61949 14
22.63918 10
22.65888 16
22.67857 15
22.69827 12
22.71796 9
22.73766 17
22.75735 12
22.77705 9
22.79675 14
22.81644 19
22.83614 9
22.85583 15
22.87553 17
22.89522 16
22.91492 14
22.93461 18
22.95431 14
22.97400 13
22.99370 12
23.01339 19
23.03309 11
23.05279 13
23.07248 10
23.09218 13
23.11187 11
23.13157 16
23.15126 15
23.17096 18
23.19065 11
23.21035 15
23.23004 12
23.24974 9
23.26944 17
23.28913 13
23.30883 14
23.32852 14
23.34822 12
23.36791 13
23.38761 14
23.40730 16
23.42700 10
23.44669 7
23.46639 10
23.48609 11
23.50578 10
23.52548 10
23.54517 12
23.56487 13
23.58456 11
23.60426 12
23.62395 13
23.64365 11
23.66334 7
23.68304 15
23.70274 13
23.72243 13
23.74213 15
23.76182 13
23.78152 11
23.80121 7
23.82091 9
23.84060 17
23.86030 10
23.87999 7
23.89969 16
23.91939 16
23.93908 10
23.95878 14
23.97847 14
23.99817 9
24.01786 10
24.03756 13
24.05725 11
24.07695 18
24.09664 6
24.11634 10
24.13604 17
24.15573 9
24.17543 6
24.19512 17
24.21482 12
24.23451 14
24.25421 9
24.27390 14
24.29360 10
24.31329 10
24.33299 10
24.35268 12
24.37238 15
24.39208 8
24.41177 18
24.43147 14
24.45116 11
24.47086 13
24.49055 14
24.51025 14
24.52994 10
24.54964 19
24.56933 9
24.58903 8
24.60872 11
24.62842 14
24.64812 12
24.66781 12
24.68751 12
24.70720 10
24.72690 9
24.74659 15
24.76629 13
24.78598 14
24.80568 9
24.82537 9
24.84507 5
24.86476 17
24.88446 8
24.90416 12
24.92385 19
24.94355 9
24.96324 14
24.98294 9
25.00263 17
25.02233 12
25.04202 13
25.06172 15
25.08141 12
25.10111 19
25.12081 13
25.14050 22
25.1602  15
25.17989 7
25.19959 16
25.21928 13
25.23898 13
25.25867 16
25.27837 13
25.29806 11
25.31776 10
25.33746 14
25.35715 16
25.37685 19
25.39654 17
25.41624 14
25.43593 15
25.45563 9
25.47532 9
25.49502 16
25.51471 9
25.53441 16
25.55411 8
25.57380 12
25.5935  15
25.61319 13
25.63289 6
25.65258 4
25.67228 18
25.69197 13
25.71167 12
25.73136 12
25.75106 5
25.77076 21
25.79045 14
25.81015 12
25.82984 14
25.84954 8
25.86923 12
25.88893 11
25.90862 21
25.92832 13
25.94801 12
25.96771 7
25.98741 9
26.00710 18
26.0268  10
26.04649 14
26.06619 7
26.08588 12
26.10558 8
26.12527 11
26.14497 20
26.16466 10
26.18436 10
26.20405 11
26.22375 12
26.24345 12
26.26314 10
26.28284 10
26.30253 10
26.32223 9
26.34192 15
26.36162 16
26.38131 11
26.40101 16
26.42070 14
26.44040 14
26.46009 14
26.47979 16
26.49948 13
26.51918 13
26.53888 15
26.55857 16
26.57827 15
26.59796 7
26.61766 18
26.63735 6
26.65705 15
26.67674 10
26.69644 13
26.71613 12
26.73583 14
26.75552 14
26.77522 10
26.79492 11
26.81461 9
26.83431 14
26.85400 20
26.87370 16
26.89339 14
26.91309 18
26.93278 14
26.95248 10
26.97217 19
26.99187 19
27.01157 13
27.03126 13
27.05096 12
27.07065 12
27.09035 12
27.11004 15
27.12974 14
27.14943 18
27.16913 19
27.18882 11
27.20852 15
27.22822 16
27.24791 11
27.26761 11
27.28730 8
27.30700 8
27.32669 15
27.34639 12
27.36608 18
27.38578 12
27.40547 8
27.42517 14
27.44487 14
27.46456 4
27.48426 10
27.50395 14
27.52365 14
27.54334 16
27.56304 8
27.58273 15
27.60243 12
27.62212 7
27.64182 15
27.66152 10
27.68121 10
27.70091 13
27.72060 10
27.74030 14
27.75999 11
27.77969 8
27.79938 14
27.81908 19
27.83877 7
27.85847 11
27.87817 12
27.89786 11
27.91756 18
27.93725 15
27.95695 9
27.97664 17
27.99634 11
28.01603 10
28.03573 13
28.05542 20
28.07512 11
28.09482 11
28.11451 10
28.13421 19
28.15390 13
28.17360 10
28.19329 11
28.21299 5
28.23268 16
28.25238 11
28.27207 17
28.29177 21
28.31146 10
28.33116 18
28.35085 11
28.37055 16
28.39025 14
28.40994 11
28.42964 10
28.44933 13
28.46903 19
28.48872 16
28.50842 16
28.52811 19
28.54781 10
28.56750 9
28.58720 12
28.60689 8
28.62659 13
28.64629 14
28.66598 8
28.68568 13
28.70537 11
28.72507 11
28.74476 11
28.76446 15
28.78415 9
28.80385 15
28.82354 17
28.84324 17
28.86294 11
28.88263 13
28.90233 9
28.92202 16
28.94172 20
28.96141 24
28.98111 16
29.00080 13
29.02050 6
29.04019 12
29.05989 17
29.07959 16
29.09928 10
29.11898 9
29.13867 11
29.15837 12
29.17806 12
29.19776 13
29.21745 14
29.23715 13
29.25684 16
29.27654 11
29.29624 8
29.31593 11
29.33563 12
29.35532 16
29.37502 14
29.39471 17
29.41441 13
29.43410 10
29.45380 13
29.47349 13
29.49319 15
29.51289 5
29.53258 14
29.55228 17
29.57197 11
29.59167 18
29.61136 12
29.63106 14
29.65075 13
29.67045 8
29.69014 18
29.70984 21
29.72954 21
29.74923 9
29.76893 9
29.78862 11
29.80832 7
29.82801 13
29.84771 13
29.86740 5
29.88710 10
29.90679 18
29.92649 9
29.94618 23
29.96588 8
29.98558 9
30.00527 12
30.02497 13
30.04466 12
30.06436 13
30.08405 22
30.10375 13
30.12344 16
30.14314 12
30.16283 16
30.18253 16
30.20222 10
30.22192 14
30.24162 17
30.26131 13
30.28101 11
30.30070 9
30.32040 12
30.34009 20
30.35979 9
30.37948 12
30.39918 15
30.41887 13
30.43857 13
30.45826 13
30.47796 14
30.49766 17
30.51735 8
30.53705 12
30.55674 7
30.57644 10
30.59613 16
30.61583 8
30.63552 15
30.65522 14
30.67491 8
30.69461 16
30.71431 20
30.73400 11
30.75370 20
30.77339 7
30.79309 10
30.81278 15
30.83248 9
30.85217 13
30.87187 12
30.89156 12
30.91126 14
30.93096 15
30.95065 14
30.97035 16
30.99004 11
31.00974 16
31.02943 20
31.04913 15
31.06882 6
31.08852 23
31.10821 22
31.12791 10
31.14761 8
31.16730 8
31.187   11
31.20669 7
31.22639 10
31.24608 14
31.26578 19
31.28547 21
31.30517 20
31.32486 11
31.34456 19
31.36426 14
31.38395 11
31.40365 18
31.42334 18
31.44304 16
31.46273 11
31.48243 11
31.50212 10
31.52182 9
31.54151 11
31.56121 10
31.58091 15
31.60060 16
31.6203  13
31.63999 16
31.65969 22
31.67938 7
31.69908 14
31.71877 9
31.73847 16
31.75816 13
31.77786 16
31.79755 15
31.81725 17
31.83695 8
31.85664 16
31.87634 14
31.89603 11
31.91573 9
31.93542 16
31.95512 17
31.97481 9
31.99451 15
32.01421 19
32.03390 14
32.0536  13
32.07329 11
32.09299 10
32.11268 7
32.13238 16
32.15207 21
32.17177 15
32.19146 13
32.21116 14
32.23085 14
32.25055 15
32.27024 20
32.28994 29
32.30963 16
32.32933 19
32.34903 19
32.36872 9
32.38842 11
32.40811 14
32.42781 17
32.44750 18
32.46720 15
32.4869  9
32.50659 29
32.52629 17
32.54598 16
32.56568 11
32.58537 14
32.60507 16
32.62476 17
32.64446 18
32.66415 20
32.68385 16
32.70354 25
32.72324 21
32.74293 27
32.76263 23
32.78233 27
32.80202 22
32.82172 16
32.84141 13
32.86111 17
32.88080 38
32.90050 34
32.92019 36
32.93989 32
32.95958 36
32.97928 40
32.99897 49
33.01867 129
33.03837 625
33.05806 636
33.07776 131
33.09745 56
33.11715 91
33.13684 183
33.15654 63
33.17623 24
33.19593 35
33.21563 27
33.23532 26
33.25502 24
33.27471 38
33.29441 22
33.31410 25
33.33380 28
33.35349 16
33.37319 22
33.39288 14
33.41258 18
33.43227 17
33.45197 19
33.47166 15
33.49136 27
33.51105 23
33.53075 26
33.55045 24
33.57014 26
33.58984 30
33.60953 22
33.62923 22
33.64893 27
33.66862 26
33.68832 27
33.70801 24
33.72771 27
33.74740 17
33.76710 16
33.78679 20
33.80649 26
33.82618 18
33.84588 23
33.86557 35
33.88527 27
33.90496 31
33.92466 22
33.94435 27
33.96405 24
33.98374 22
34.00344 27
34.02314 20
34.04283 29
34.06253 28
34.08223 31
34.10192 26
34.12162 24
34.14131 23
34.16101 19
34.18070 23
34.20040 20
34.22009 28
34.23979 30
34.25948 28
34.27918 25
34.29887 24
34.31857 24
34.33826 28
34.35796 25
34.37765 22
34.39735 29
34.41704 28
34.43674 23
34.45644 39
34.47613 33
34.49583 29
34.51552 25
34.53522 27
34.55491 21
34.57461 34
34.59430 37
34.61400 29
34.63370 30
34.65339 31
34.67309 42
34.69278 21
34.71248 35
34.73217 23
34.75187 29
34.77156 27
34.79126 36
34.81095 24
34.83065 33
34.85034 34
34.87004 31
34.88974 51
34.90943 35
34.92913 41
34.94882 44
34.96852 30
34.98821 42
35.00791 65
35.02760 42
35.04730 40
35.06699 43
35.08669 49
35.10638 39
35.12608 42
35.14578 54
35.16547 47
35.18517 43
35.20486 46
35.22456 53
35.24425 47
35.26395 69
35.28364 48
35.30334 66
35.32304 46
35.34273 68
35.36243 50
35.38212 81
35.40182 81
35.42151 60
35.44121 86
35.46090 66
35.48060 73
35.50029 75
35.51999 84
35.53968 77
35.55938 106
35.57907 114
35.59877 110
35.61846 104
35.63816 111
35.65786 115
35.67755 113
35.69725 109
35.71694 119
35.73664 127
35.75634 138
35.77603 158
35.79573 165
35.81542 167
35.83512 195
35.85481 207
35.87451 263
35.89420 215
35.91390 259
35.93359 282
35.95329 329
35.97298 330
35.99268 336
36.01237 382
36.03207 446
36.05176 479
36.07146 504
36.09116 561
36.11085 584
36.13055 645
36.15024 663
36.16994 732
36.18964 805
36.20933 788
36.22903 786
36.24872 840
36.26842 859
36.28811 806
36.30781 754
36.32750 692
36.34720 682
36.36689 621
36.38659 572
36.40628 521
36.42598 439
36.44567 374
36.46537 335
36.48506 352
36.50476 269
36.52446 254
36.54415 218
36.56385 213
36.58354 169
36.60324 163
36.62293 157
36.64263 122
36.66232 133
36.68202 108
36.70171 123
36.72141 90
36.74111 109
36.76080 99
36.78050 86
36.80019 103
36.81989 71
36.83958 74
36.85928 87
36.87897 68
36.89867 47
36.91836 61
36.93806 65
36.95776 54
36.97745 50
36.99715 56
37.01684 59
37.03654 53
37.05623 63
37.07593 58
37.09562 60
37.11532 51
37.13501 62
37.15471 43
37.17440 43
37.19410 82
37.21379 49
37.23349 52
37.25319 63
37.27288 57
37.29258 50
37.31227 66
37.33197 66
37.35166 64
37.37136 61
37.39106 70
37.41075 58
37.43045 58
37.45014 55
37.46984 58
37.48953 66
37.50923 49
37.52892 93
37.54862 68
37.56831 88
37.58801 85
37.60770 82
37.62740 71
37.64709 84
37.66679 80
37.68648 89
37.70618 109
37.72588 106
37.74557 115
37.76527 118
37.78496 130
37.80466 170
37.82436 135
37.84405 181
37.86375 232
37.88344 244
37.90314 262
37.92283 261
37.94253 281
37.96222 274
37.98192 246
38.00161 242
38.02131 234
38.04100 202
38.06070 195
38.08039 164
38.10009 135
38.11978 135
38.13948 107
38.15918 116
38.17887 98
38.19857 104
38.21826 84
38.23796 100
38.25765 78
38.27735 65
38.29704 80
38.31674 58
38.33644 83
38.35613 73
38.37583 80
38.39552 51
38.41522 55
38.43491 77
38.45461 70
38.47430 76
38.49400 64
38.51369 73
38.53339 72
38.55308 62
38.57278 64
38.59248 79
38.61217 77
38.63187 66
38.65156 79
38.67126 70
38.69095 78
38.71065 78
38.73034 107
38.75004 81
38.76973 88
38.78943 96
38.80912 93
38.82882 111
38.84852 109
38.86821 116
38.88791 103
38.90760 109
38.92730 104
38.94699 120
38.96669 151
38.98638 150
39.00608 159
39.02578 196
39.04547 207
39.06517 198
39.08486 250
39.10456 254
39.12425 250
39.14395 302
39.16364 281
39.18334 321
39.20303 342
39.22273 388
39.24242 363
39.26212 348
39.28181 382
39.30151 380
39.32120 415
39.34090 391
39.3606  421
39.38029 433
39.39999 396
39.41968 477
39.43938 431
39.45908 480
39.47877 491
39.49847 451
39.51816 523
39.53786 541
39.55755 533
39.57725 508
39.59694 593
39.61664 559
39.63633 566
39.65603 559
39.67572 650
39.69542 638
39.71511 682
39.73481 686
39.75450 725
39.77420 785
39.7939  759
39.81359 819
39.83329 878
39.85298 901
39.87268 978
39.89237 999
39.91207 1131
39.93177 1170
39.95146 1257
39.97116 1300
39.99085 1478
40.01055 1630
40.03024 1742
40.04994 1873
40.06963 2107
40.08933 2400
40.10902 2666
40.12872 2865
40.14841 3419
40.16811 3884
40.18780 4343
40.20750 4976
40.2272  5722
40.24689 6646
40.26659 7909
40.28628 9040
40.30598 10652
40.32567 12520
40.34537 14756
40.36506 17326
40.38476 20560
40.40445 24610
40.42415 28684
40.44385 34093
40.46354 39564
40.48324 45984
40.50293 51845
40.52263 57238
40.54232 61155
40.56202 63626
40.58171 64717
40.60141 63566
40.62110 60866
40.64080 57616
40.6605  53397
40.68019 48984
40.69989 44216
40.71958 39005
40.73928 34303
40.75897 29726
40.77867 26052
40.79836 22276
40.81806 19429
40.83775 16936
40.85745 14642
40.87714 12678
40.89684 11109
40.91653 9612
40.93623 8541
40.95592 7386
40.97562 6679
40.99532 5774
41.01501 5129
41.03471 4404
41.05440 4119
41.07410 3558
41.0938  3192
41.11349 2886
41.13319 2575
41.15288 2313
41.17258 2071
41.19227 1981
41.21197 1655
41.23166 1509
41.25136 1487
41.27105 1253
41.29075 1180
41.31044 1058
41.33014 984
41.34983 920
41.36953 968
41.38922 808
41.40892 803
41.42861 793
41.44831 703
41.46801 660
41.48770 607
41.50740 561
41.5271  570
41.54679 502
41.56649 502
41.58618 516
41.60588 454
41.62557 468
41.64527 394
41.66496 445
41.68466 400
41.70435 404
41.72405 362
41.74374 354
41.76344 340
41.78313 343
41.80283 395
41.82252 324
41.84222 332
41.86191 312
41.88161 305
41.90131 287
41.92100 275
41.94070 256
41.96039 251
41.98009 246
41.99978 257
42.01948 248
42.03918 249
42.05887 228
42.07857 213
42.09826 243
42.11796 235
42.13765 219
42.15735 181
42.17704 189
42.19674 188
42.21643 191
42.23613 183
42.25582 181
42.27552 208
42.29521 186
42.31491 166
42.33461 163
42.35430 150
42.37400 162
42.39369 169
42.41339 152
42.43308 178
42.45278 140
42.47247 132
42.49217 147
42.51186 136
42.53156 134
42.55125 118
42.57095 139
42.59065 133
42.61034 133
42.63004 133
42.64973 114
42.66943 113
42.68912 109
42.70882 110
42.72851 106
42.74821 98
42.76791 98
42.78760 106
42.80730 94
42.82699 106
42.84669 110
42.86638 88
42.88608 95
42.90577 88
42.92547 88
42.94516 86
42.96486 71
42.98455 80
43.00425 72
43.02394 76
43.04364 84
43.06333 61
43.08303 70
43.10273 59
43.12242 63
43.14212 73
43.16181 70
43.18151 62
43.20121 59
43.22090 73
43.24060 53
43.26029 59
43.27999 58
43.29968 50
43.31938 47
43.33907 52
43.35877 45
43.37846 51
43.39816 49
43.41785 45
43.43755 42
43.45724 50
43.47694 43
43.49663 34
43.51633 42
43.53603 39
43.55572 41
43.57542 47
43.59511 46
43.61481 29
43.63451 43
43.65420 41
43.67390 40
43.69359 29
43.71329 44
43.73298 29
43.75268 22
43.77237 36
43.79207 25
43.81176 25
43.83146 28
43.85115 31
43.87085 34
43.89054 31
43.91024 29
43.92993 27
43.94963 32
43.96933 29
43.98902 14
44.00872 23
44.02841 26
44.04811 41
44.06780 23
44.08750 21
44.10719 27
44.12689 14
44.14658 15
44.16628 28
44.18598 37
44.20567 20
44.22537 16
44.24506 25
44.26476 26
44.28445 22
44.30415 24
44.32384 17
44.34354 20
44.36323 24
44.38293 15
44.40263 25
44.42232 32
44.44202 24
44.46171 12
44.48141 23
44.50110 23
44.52080 30
44.54049 21
44.56019 15
44.57988 13
44.59958 26
44.61927 18
44.63897 19
44.65866 16
44.67836 10
44.69806 13
44.71775 14
44.73745 16
44.75714 18
44.77684 16
44.79653 26
44.81623 17
44.83593 25
44.85562 16
44.87532 13
44.89501 12
44.91471 23
44.93440 14
44.95410 21
44.97379 8
44.99349 15
45.01318 11
45.03288 21
45.05257 14
45.07227 9
45.09196 17
45.11166 20
45.13135 15
45.15105 17
45.17075 20
45.19044 18
45.21014 15
45.22983 6
45.24953 18
45.26923 14
45.28892 21
45.30862 19
45.32831 17
45.34801 12
45.36770 20
45.38740 15
45.40709 14
45.42679 20
45.44648 12
45.46618 12
45.48587 16
45.50557 16
45.52526 13
45.54496 11
45.56465 10
45.58435 14
45.60405 17
45.62374 19
45.64344 8
45.66313 26
45.68283 16
45.70252 15
45.72222 14
45.74192 16
45.76161 15
45.78131 13
45.80100 16
45.82070 15
45.84039 8
45.86009 16
45.87978 15
45.89948 12
45.91917 8
45.93887 18
45.95856 20
45.97826 17
45.99795 10
46.01765 14
46.03735 11
46.05704 21
46.07674 19
46.09643 13
46.11613 21
46.13582 16
46.15552 10
46.17521 14
46.19491 18
46.21460 17
46.23430 13
46.25399 12
46.27369 14
46.29339 11
46.31308 9
46.33278 12
46.35247 11
46.37217 14
46.39186 7
46.41156 15
46.43125 9
46.45095 14
46.47065 15
46.49034 17
46.51004 12
46.52973 19
46.54943 15
46.56912 8
46.58882 16
46.60851 10
46.62821 24
46.64790 13
46.66760 10
46.68729 11
46.70699 16
46.72668 10
46.74638 15
46.76607 15
46.78577 14
46.80547 7
46.82516 12
46.84486 22
46.86455 14
46.88425 14
46.90395 11
46.92364 13
46.94334 20
46.96303 14
46.98273 21
47.00242 11
47.02212 15
47.04181 6
47.06151 19
47.08120 14
47.10090 13
47.12059 14
47.14029 16
47.15998 16
47.17968 17
47.19937 12
47.21907 11
47.23877 12
47.25846 14
47.27816 13
47.29785 7
47.31755 9
47.33725 12
47.35694 13
47.37664 13
47.39633 8
47.41603 11
47.43572 15
47.45542 13
47.47511 16
47.49481 12
47.51450 10
47.53420 8
47.55389 8
47.57359 12
47.59328 9
47.61298 10
47.63267 9
47.65237 13
47.67207 9
47.69176 12
47.71146 11
47.73115 11
47.75085 21
47.77054 15
47.79024 17
47.80993 10
47.82963 9
47.84932 13
47.86902 9
47.88872 14
47.90841 14
47.92811 10
47.94780 11
47.96750 13
47.98719 9
48.00689 16
48.02658 12
48.04628 14
48.06597 15
48.08567 19
48.10537 17
48.12506 11
48.14476 12
48.16445 13
48.18415 9
48.20384 9
48.22354 9
48.24323 13
48.26293 15
48.28262 13
48.30232 10
48.32201 15
48.34171 10
48.36140 12
48.38110 10
48.40080 16
48.42049 16
48.44019 13
48.45988 8
48.47958 14
48.49927 13
48.51897 16
48.53867 17
48.55836 10
48.57806 13
48.59775 11
48.61745 13
48.63714 8
48.65684 17
48.67653 12
48.69623 19
48.71592 9
48.73562 9
48.75531 13
48.77501 9
48.79470 4
48.81440 10
48.83409 7
48.85379 10
48.87348 8
48.89318 14
48.91288 6
48.93257 14
48.95227 10
48.97197 14
48.99166 15
49.01136 8
49.03105 7
49.05075 6
49.07044 8
49.09014 13
49.10983 12
49.12953 7
49.14922 7
49.16892 14
49.18861 18
49.20831 11
49.22800 8
49.24770 15
49.26739 7
49.28709 14
49.30678 14
49.32648 16
49.34618 16
49.36587 13
49.38557 14
49.40526 11
49.42496 12
49.44465 16
49.46435 10
49.48405 11
49.50374 11
49.52344 11
49.54313 11
49.56283 10
49.58252 13
49.60222 13
49.62191 16
49.64161 7
49.66130 13
49.68100 10
49.70069 11
49.72039 8
49.74008 7
49.75978 16
49.77948 13
49.79917 19
49.81887 12
49.83856 11
49.85826 16
49.87795 9
49.89765 16
49.91734 10
49.93704 8
49.95673 15
49.97643 10
49.99613 10
50.01582 11
50.03552 9
50.05521 9
50.07491 12
50.09460 13
50.11430 12
50.13399 11
50.15369 18
50.17338 12
50.19308 10
50.21278 13
50.23247 12
50.25217 14
50.27186 10
50.29156 15
50.31125 9
50.33095 12
50.35064 14
50.37034 13
50.39003 10
50.40973 11
50.42942 14
50.44912 15
50.46881 10
50.48851 15
50.50820 9
50.52790 9
50.54760 17
50.56729 15
50.58699 16
50.60668 11
50.62638 14
50.64608 16
50.66577 13
50.68547 13
50.70516 9
50.72486 11
50.74455 13
50.76425 19
50.78394 13
50.80364 13
50.82333 9
50.84303 5
50.86272 15
50.88242 8
50.90211 13
50.92181 9
50.94150 10
50.96120 12
50.9809  16
51.00059 7
51.02029 13
51.03998 14
51.05968 15
51.07938 10
51.09907 15
51.11877 13
51.13846 14
51.15816 13
51.17785 5
51.19755 11
51.21724 14
51.23694 10
51.25663 13
51.27633 13
51.29602 11
51.31572 12
51.33541 15
51.35511 16
51.37480 9
51.39450 13
51.4142  7
51.43389 13
51.45359 13
51.47328 9
51.49298 14
51.51267 10
51.53237 12
51.55206 6
51.57176 14
51.59146 8
51.61115 7
51.63085 10
51.65054 12
51.67024 13
51.68993 11
51.70963 3
51.72932 11
51.74902 15
51.76871 16
51.78841 20
51.80810 10
51.82780 12
51.8475  10
51.86719 21
51.88689 10
51.90658 13
51.92628 14
51.94597 7
51.96567 8
51.98536 12
52.00506 14
52.02475 8
52.04445 13
52.06414 16
52.08384 10
52.10353 20
52.12323 13
52.14293 11
52.16262 8
52.18232 7
52.20201 13
52.22171 14
52.24140 16
52.26110 12
52.2808  8
52.30049 18
52.32019 15
52.33988 8
52.35958 8
52.37927 9
52.39897 13
52.41866 11
52.43836 11
52.45805 12
52.47775 9
52.49744 12
52.51714 10
52.53683 11
52.55653 13
52.57622 13
52.59592 10
52.61562 16
52.63531 7
52.65501 9
52.67470 17
52.69440 11
52.7141  16
52.73379 10
52.75349 11
52.77318 9
52.79288 12
52.81257 15
52.83227 15
52.85196 12
52.87166 14
52.89135 11
52.91105 12
52.93074 17
52.95044 9
52.97013 13
52.98983 13
53.00952 16
53.02922 15
53.04892 11
53.06861 11
53.08831 7
53.10800 7
53.12770 14
53.14739 14
53.16709 8
53.18679 7
53.20648 11
53.22618 11
53.24587 8
53.26557 11
53.28526 10
53.30496 14
53.32465 7
53.34435 12
53.36404 12
53.38374 11
53.40343 10
53.42313 14
53.44282 17
53.46252 18
53.48222 14
53.50191 12
53.52161 9
53.54130 13
53.56100 8
53.58069 6
53.60039 14
53.62008 11
53.63978 13
53.65947 6
53.67917 10
53.69886 17
53.71856 9
53.73826 11
53.75795 13
53.77765 5
53.79734 12
53.81704 9
53.83673 15
53.85643 16
53.87612 11
53.89582 13
53.91552 12
53.93521 9
53.95491 16
53.97460 9
53.99430 12
54.01399 11
54.03369 10
54.05338 14
54.07308 15
54.09277 14
54.11247 14
54.13216 6
54.15186 18
54.17155 9
54.19125 13
54.21094 9
54.23064 12
54.25034 12
54.27003 12
54.28973 11
54.30942 11
54.32912 10
54.34882 13
54.36851 16
54.38821 16
54.40790 22
54.42760 10
54.44729 9
54.46699 8
54.48668 13
54.50638 8
54.52607 16
54.54577 17
54.56546 16
54.58516 10
54.60485 11
54.62455 18
54.64424 15
54.66394 16
54.68364 18
54.70333 8
54.72303 12
54.74272 9
54.76242 10
54.78212 11
54.80181 10
54.82151 11
54.84120 10
54.86090 11
54.88059 13
54.90029 11
54.91998 14
54.93968 9
54.95937 21
54.97907 11
54.99876 16
55.01846 17
55.03815 9
55.05785 13
55.07754 12
55.09724 12
55.11694 14
55.13663 14
55.15633 7
55.17602 14
55.19572 8
55.21541 16
55.23511 11
55.25480 15
55.27450 13
55.29419 13
55.31389 14
55.33359 10
55.35328 11
55.37298 10
55.39267 9
55.41237 9
55.43206 10
55.45176 11
55.47145 10
55.49115 15
55.51084 10
55.53054 9
55.55024 8
55.56993 9
55.58963 10
55.60932 16
55.62902 12
55.64871 11
55.66841 12
55.68810 15
55.70780 10
55.72749 10
55.74719 9
55.76688 12
55.78658 10
55.80627 18
55.82597 13
55.84567 6
55.86536 11
55.88506 18
55.90475 10
55.92445 16
55.94414 12
55.96384 12
55.98354 9
56.00323 12
56.02293 11
56.04262 11
56.06232 14
56.08201 9
56.10171 13
56.12140 19
56.14110 14
56.16079 13
56.18049 12
56.20018 12
56.21988 11
56.23957 7
56.25927 9
56.27896 12
56.29866 8
56.31835 6
56.33805 17
56.35775 14
56.37744 14
56.39714 15
56.41684 17
56.43653 17
56.45623 12
56.47592 15
56.49562 17
56.51531 9
56.53501 8
56.55470 13
56.57440 18
56.59409 12
56.61379 15
56.63348 12
56.65318 7
56.67287 10
56.69257 11
56.71226 12
56.73196 17
56.75165 13
56.77135 9
56.79105 18
56.81074 12
56.83044 11
56.85013 10
56.86983 14
56.88953 14
56.90922 18
56.92892 16
56.94861 15
56.96831 13
56.98800 19
57.00770 21
57.02739 10
57.04709 13
57.06678 13
57.08648 10
57.10617 10
57.12587 11
57.14556 16
57.16526 13
57.18495 17
57.20465 14
57.22435 11
57.24404 11
57.26374 9
57.28343 11
57.30313 12
57.32282 9
57.34252 10
57.36221 6
57.38191 8
57.40160 13
57.42130 10
57.44100 17
57.46069 14
57.48039 16
57.50008 10
57.51978 13
57.53947 13
57.55917 17
57.57886 10
57.59856 14
57.61825 15
57.63795 11
57.65765 15
57.67734 13
57.69704 6
57.71673 13
57.73643 12
57.75612 10
57.77582 10
57.79551 6
57.81521 11
57.83490 16
57.85460 8
57.87429 9
57.89399 9
57.91368 13
57.93338 18
57.95308 8
57.97277 13
57.99247 14
58.01216 18
58.03186 16
58.05155 12
58.07125 15
58.09095 10
58.11064 14
58.13034 11
58.15003 10
58.16973 19
58.18942 14
58.20912 14
58.22881 11
58.24851 16
58.26820 21
58.28790 20
58.30759 9
58.32729 15
58.34698 17
58.36668 12
58.38637 16
58.40607 17
58.42577 18
58.44546 18
58.46516 15
58.48485 13
58.50455 12
58.52425 16
58.54394 16
58.56364 14
58.58333 14
58.60303 19
58.62272 16
58.64242 16
58.66211 13
58.68181 14
58.70150 12
58.72120 25
58.74089 15
58.76059 15
58.78028 22
58.79998 14
58.81967 15
58.83937 27
58.85907 19
58.87876 23
58.89846 18
58.91815 20
58.93785 26
58.95754 15
58.97724 17
58.99693 17
59.01663 26
59.03633 16
59.05602 10
59.07572 15
59.09541 17
59.11511 13
59.13480 15
59.15450 24
59.17419 15
59.19389 21
59.21358 11
59.23328 14
59.25297 19
59.27267 14
59.29237 13
59.31206 11
59.33176 12
59.35145 17
59.37115 20
59.39084 12
59.41054 16
59.43023 21
59.44993 18
59.46962 16
59.48932 22
59.50901 17
59.52871 13
59.54841 13
59.56810 16
59.58780 16
59.60749 11
59.62719 13
59.64688 9
59.66658 13
59.68627 23
59.70597 14
59.72567 9
59.74536 13
59.76506 16
59.78475 16
59.80445 17
59.82414 18
59.84384 22
59.86353 21
59.88323 20
59.90292 10
59.92262 13
59.94231 20
59.96201 14
59.98170 29
60.00140 24
